19 0.5890625 0.5027777777777778 0.01796875 0.030555555555555555
2 0.525 0.5611111111111111 0.015625 0.02638888888888889
30 0.93515625 0.3972222222222222 0.03359375 0.07777777777777778
35 0.509375 0.5611111111111111 0.0140625 0.02638888888888889
41 0.5828125 0.4861111111111111 0.01484375 0.027777777777777776
19 0.5890625 0.5027777777777778 0.01796875 0.030555555555555555
2 0.525 0.5611111111111111 0.015625 0.02638888888888889
30 0.93515625 0.3972222222222222 0.03359375 0.07777777777777778
35 0.509375 0.5611111111111111 0.0140625 0.02638888888888889
41 0.5828125 0.4861111111111111 0.01484375 0.027777777777777776
