31 0.7546875 0.4486111111111111 0.01953125 0.04027777777777778
51 0.8828125 0.35833333333333334 0.06328125 0.10416666666666667
43 0.74296875 0.48194444444444445 0.01796875 0.034722222222222224
58 0.76640625 0.4861111111111111 0.0203125 0.034722222222222224
60 0.7546875 0.5180555555555556 0.01796875 0.034722222222222224
31 0.7546875 0.4486111111111111 0.01953125 0.04027777777777778
51 0.8828125 0.35833333333333334 0.06328125 0.10416666666666667
43 0.74296875 0.48194444444444445 0.01796875 0.034722222222222224
58 0.76640625 0.4861111111111111 0.0203125 0.034722222222222224
60 0.7546875 0.5180555555555556 0.01796875 0.034722222222222224
