0 0.9125 0.5319444444444444 0.021875 0.034722222222222224
32 0.67890625 0.5055555555555555 0.021875 0.04027777777777778
41 0.67578125 0.46111111111111114 0.0234375 0.04722222222222222
62 0.91015625 0.49583333333333335 0.01953125 0.0375
43 0.91484375 0.5652777777777778 0.01875 0.03333333333333333
0 0.9125 0.5319444444444444 0.021875 0.034722222222222224
32 0.67890625 0.5055555555555555 0.021875 0.04027777777777778
41 0.67578125 0.46111111111111114 0.0234375 0.04722222222222222
62 0.91015625 0.49583333333333335 0.01953125 0.0375
43 0.91484375 0.5652777777777778 0.01875 0.03333333333333333
