2 0.84296875 0.24305555555555555 0.08359375 0.11527777777777778
19 0.5625 0.5152777777777777 0.01328125 0.02361111111111111
27 0.97109375 0.5125 0.0171875 0.030555555555555555
30 0.7453125 0.4708333333333333 0.0203125 0.044444444444444446
31 0.9703125 0.5416666666666666 0.01484375 0.025
48 0.84453125 0.10694444444444444 0.09765625 0.15833333333333333
2 0.84296875 0.24305555555555555 0.08359375 0.11527777777777778
19 0.5625 0.5152777777777777 0.01328125 0.02361111111111111
27 0.97109375 0.5125 0.0171875 0.030555555555555555
30 0.7453125 0.4708333333333333 0.0203125 0.044444444444444446
31 0.9703125 0.5416666666666666 0.01484375 0.025
48 0.84453125 0.10694444444444444 0.09765625 0.15833333333333333
