19 0.15833333333333333 0.3453703703703704 0.035416666666666666 0.058333333333333334
2 0.16302083333333334 0.40925925925925927 0.035416666666666666 0.06111111111111111
19 0.6536458333333334 0.27870370370370373 0.04583333333333333 0.06111111111111111
2 0.6552083333333333 0.34444444444444444 0.04010416666666667 0.06759259259259259
27 0.5166666666666667 0.40370370370370373 0.011979166666666667 0.022222222222222223
51 0.5338541666666666 0.41574074074074074 0.010416666666666666 0.020370370370370372
19 0.15833333333333333 0.3453703703703704 0.035416666666666666 0.058333333333333334
2 0.16302083333333334 0.40925925925925927 0.035416666666666666 0.06111111111111111
19 0.6536458333333334 0.27870370370370373 0.04583333333333333 0.06111111111111111
2 0.6552083333333333 0.34444444444444444 0.04010416666666667 0.06759259259259259
27 0.5166666666666667 0.40370370370370373 0.011979166666666667 0.022222222222222223
51 0.5338541666666666 0.41574074074074074 0.010416666666666666 0.020370370370370372
