5 0.5614583333333333 0.3472222222222222 0.03854166666666667 0.05740740740740741
4 0.14114583333333333 0.48333333333333334 0.0140625 0.025
4 0.4822916666666667 0.5138888888888888 0.011458333333333333 0.021296296296296296
51 0.5609375 0.40555555555555556 0.03333333333333333 0.05740740740740741
42 0.14010416666666667 0.5064814814814815 0.0109375 0.018518518518518517
42 0.48125 0.5370370370370371 0.011979166666666667 0.017592592592592594
5 0.5614583333333333 0.3472222222222222 0.03854166666666667 0.05740740740740741
4 0.14114583333333333 0.48333333333333334 0.0140625 0.025
4 0.4822916666666667 0.5138888888888888 0.011458333333333333 0.021296296296296296
51 0.5609375 0.40555555555555556 0.03333333333333333 0.05740740740740741
42 0.14010416666666667 0.5064814814814815 0.0109375 0.018518518518518517
42 0.48125 0.5370370370370371 0.011979166666666667 0.017592592592592594
