15 0.57421875 0.4583333333333333 0.015625 0.02638888888888889
21 0.5734375 0.4861111111111111 0.01484375 0.025
19 0.54453125 0.4777777777777778 0.0171875 0.029166666666666667
19 0.29765625 0.4791666666666667 0.01796875 0.027777777777777776
48 0.54375 0.5055555555555555 0.0140625 0.022222222222222223
48 0.2984375 0.5083333333333333 0.015625 0.025
15 0.57421875 0.4583333333333333 0.015625 0.02638888888888889
21 0.5734375 0.4861111111111111 0.01484375 0.025
19 0.54453125 0.4777777777777778 0.0171875 0.029166666666666667
19 0.29765625 0.4791666666666667 0.01796875 0.027777777777777776
48 0.54375 0.5055555555555555 0.0140625 0.022222222222222223
48 0.2984375 0.5083333333333333 0.015625 0.025
