8 0.35833333333333334 0.5083333333333333 0.028125 0.03981481481481482
2 0.3984375 0.5055555555555555 0.016145833333333335 0.027777777777777776
27 0.6015625 0.4101851851851852 0.019270833333333334 0.03888888888888889
29 0.34791666666666665 0.5435185185185185 0.021354166666666667 0.040740740740740744
29 0.42083333333333334 0.5055555555555555 0.0140625 0.024074074074074074
61 0.4109375 0.5231481481481481 0.016145833333333335 0.024074074074074074
8 0.35833333333333334 0.5083333333333333 0.028125 0.03981481481481482
2 0.3984375 0.5055555555555555 0.016145833333333335 0.027777777777777776
27 0.6015625 0.4101851851851852 0.019270833333333334 0.03888888888888889
29 0.34791666666666665 0.5435185185185185 0.021354166666666667 0.040740740740740744
29 0.42083333333333334 0.5055555555555555 0.0140625 0.024074074074074074
61 0.4109375 0.5231481481481481 0.016145833333333335 0.024074074074074074
