27 0.4046875 0.36944444444444446 0.02265625 0.0375
32 0.44296875 0.34444444444444444 0.03359375 0.06527777777777778
32 0.984375 0.44166666666666665 0.01953125 0.0375
31 0.9015625 0.43333333333333335 0.01328125 0.029166666666666667
45 0.88671875 0.43472222222222223 0.01328125 0.03333333333333333
27 0.4046875 0.36944444444444446 0.02265625 0.0375
32 0.44296875 0.34444444444444444 0.03359375 0.06527777777777778
32 0.984375 0.44166666666666665 0.01953125 0.0375
31 0.9015625 0.43333333333333335 0.01328125 0.029166666666666667
45 0.88671875 0.43472222222222223 0.01328125 0.03333333333333333
