2 0.68125 0.5055555555555555 0.0375 0.06111111111111111
27 0.88046875 0.4027777777777778 0.01953125 0.0375
35 0.71171875 0.5083333333333333 0.03046875 0.059722222222222225
29 0.74375 0.5125 0.03359375 0.059722222222222225
33 0.88125 0.43472222222222223 0.0171875 0.030555555555555555
51 0.778125 0.49722222222222223 0.03203125 0.05694444444444444
2 0.68125 0.5055555555555555 0.0375 0.06111111111111111
27 0.88046875 0.4027777777777778 0.01953125 0.0375
35 0.71171875 0.5083333333333333 0.03046875 0.059722222222222225
29 0.74375 0.5125 0.03359375 0.059722222222222225
33 0.88125 0.43472222222222223 0.0171875 0.030555555555555555
51 0.778125 0.49722222222222223 0.03203125 0.05694444444444444
