4 0.32708333333333334 0.4935185185185185 0.009375 0.014814814814814815
4 0.5635416666666667 0.47314814814814815 0.009375 0.016666666666666666
51 0.6729166666666667 0.43703703703703706 0.016145833333333335 0.02962962962962963
51 0.2078125 0.49722222222222223 0.014583333333333334 0.026851851851851852
42 0.328125 0.5083333333333333 0.009375 0.01574074074074074
42 0.5640625 0.4888888888888889 0.008333333333333333 0.014814814814814815
4 0.32708333333333334 0.4935185185185185 0.009375 0.014814814814814815
4 0.5635416666666667 0.47314814814814815 0.009375 0.016666666666666666
51 0.6729166666666667 0.43703703703703706 0.016145833333333335 0.02962962962962963
51 0.2078125 0.49722222222222223 0.014583333333333334 0.026851851851851852
42 0.328125 0.5083333333333333 0.009375 0.01574074074074074
42 0.5640625 0.4888888888888889 0.008333333333333333 0.014814814814814815
