2 0.49296875 0.46805555555555556 0.015625 0.025
19 0.4921875 0.49583333333333335 0.01484375 0.022222222222222223
2 0.11171875 0.4486111111111111 0.01328125 0.022222222222222223
8 0.11171875 0.47638888888888886 0.01640625 0.027777777777777776
51 0.4921875 0.5194444444444445 0.0125 0.022222222222222223
51 0.1125 0.5041666666666667 0.0140625 0.025
2 0.49296875 0.46805555555555556 0.015625 0.025
19 0.4921875 0.49583333333333335 0.01484375 0.022222222222222223
2 0.11171875 0.4486111111111111 0.01328125 0.022222222222222223
8 0.11171875 0.47638888888888886 0.01640625 0.027777777777777776
51 0.4921875 0.5194444444444445 0.0125 0.022222222222222223
51 0.1125 0.5041666666666667 0.0140625 0.025
