11 0.5604166666666667 0.41944444444444445 0.0234375 0.037037037037037035
11 0.13072916666666667 0.42314814814814816 0.019791666666666666 0.03148148148148148
11 0.1546875 0.45555555555555555 0.008854166666666666 0.019444444444444445
87 0.5625 0.37592592592592594 0.021875 0.040740740740740744
11 0.5604166666666667 0.41944444444444445 0.0234375 0.037037037037037035
11 0.13072916666666667 0.42314814814814816 0.019791666666666666 0.03148148148148148
11 0.1546875 0.45555555555555555 0.008854166666666666 0.019444444444444445
87 0.5625 0.37592592592592594 0.021875 0.040740740740740744
11 0.5604166666666667 0.41944444444444445 0.0234375 0.037037037037037035
11 0.13072916666666667 0.42314814814814816 0.019791666666666666 0.03148148148148148
11 0.1546875 0.45555555555555555 0.008854166666666666 0.019444444444444445
87 0.5625 0.37592592592592594 0.021875 0.040740740740740744
