11 0.7208333333333333 0.2740740740740741 0.035416666666666666 0.06018518518518518
11 0.7489583333333333 0.4203703703703704 0.015104166666666667 0.03981481481481482
64 0.7229166666666667 0.19814814814814816 0.046875 0.0824074074074074
66 0.375 0.45925925925925926 0.009895833333333333 0.016666666666666666
11 0.7208333333333333 0.2740740740740741 0.035416666666666666 0.06018518518518518
11 0.7489583333333333 0.4203703703703704 0.015104166666666667 0.03981481481481482
64 0.7229166666666667 0.19814814814814816 0.046875 0.0824074074074074
66 0.375 0.45925925925925926 0.009895833333333333 0.016666666666666666
11 0.7208333333333333 0.2740740740740741 0.035416666666666666 0.06018518518518518
11 0.7489583333333333 0.4203703703703704 0.015104166666666667 0.03981481481481482
64 0.7229166666666667 0.19814814814814816 0.046875 0.0824074074074074
66 0.375 0.45925925925925926 0.009895833333333333 0.016666666666666666
