19 0.7067708333333333 0.12222222222222222 0.07708333333333334 0.08518518518518518
11 0.6416666666666667 0.5111111111111111 0.0140625 0.023148148148148147
11 0.41302083333333334 0.49074074074074076 0.011979166666666667 0.021296296296296296
64 0.6723958333333333 0.5148148148148148 0.019270833333333334 0.03148148148148148
19 0.7067708333333333 0.12222222222222222 0.07708333333333334 0.08518518518518518
11 0.6416666666666667 0.5111111111111111 0.0140625 0.023148148148148147
11 0.41302083333333334 0.49074074074074076 0.011979166666666667 0.021296296296296296
64 0.6723958333333333 0.5148148148148148 0.019270833333333334 0.03148148148148148
19 0.7067708333333333 0.12222222222222222 0.07708333333333334 0.08518518518518518
11 0.6416666666666667 0.5111111111111111 0.0140625 0.023148148148148147
11 0.41302083333333334 0.49074074074074076 0.011979166666666667 0.021296296296296296
64 0.6723958333333333 0.5148148148148148 0.019270833333333334 0.03148148148148148
