5 0.53515625 0.4236111111111111 0.03046875 0.07916666666666666
11 0.47734375 0.45 0.015625 0.02638888888888889
11 0.16796875 0.45416666666666666 0.0125 0.02361111111111111
64 0.478125 0.41944444444444445 0.01875 0.03194444444444444
5 0.53515625 0.4236111111111111 0.03046875 0.07916666666666666
11 0.47734375 0.45 0.015625 0.02638888888888889
11 0.16796875 0.45416666666666666 0.0125 0.02361111111111111
64 0.478125 0.41944444444444445 0.01875 0.03194444444444444
5 0.53515625 0.4236111111111111 0.03046875 0.07916666666666666
11 0.47734375 0.45 0.015625 0.02638888888888889
11 0.16796875 0.45416666666666666 0.0125 0.02361111111111111
64 0.478125 0.41944444444444445 0.01875 0.03194444444444444
