0 0.690625 0.45555555555555555 0.01875 0.04861111111111111
13 0.578125 0.47638888888888886 0.01484375 0.027777777777777776
56 0.578125 0.5027777777777778 0.015625 0.02638888888888889
41 0.51875 0.5611111111111111 0.0140625 0.025
67 0.853125 0.42777777777777776 0.028125 0.06388888888888888
69 0.5046875 0.5611111111111111 0.0140625 0.025
81 0.578125 0.5291666666666667 0.01328125 0.02361111111111111
0 0.690625 0.45555555555555555 0.01875 0.04861111111111111
13 0.578125 0.47638888888888886 0.01484375 0.027777777777777776
56 0.578125 0.5027777777777778 0.015625 0.02638888888888889
41 0.51875 0.5611111111111111 0.0140625 0.025
67 0.853125 0.42777777777777776 0.028125 0.06388888888888888
69 0.5046875 0.5611111111111111 0.0140625 0.025
81 0.578125 0.5291666666666667 0.01328125 0.02361111111111111
0 0.690625 0.45555555555555555 0.01875 0.04861111111111111
13 0.578125 0.47638888888888886 0.01484375 0.027777777777777776
56 0.578125 0.5027777777777778 0.015625 0.02638888888888889
41 0.51875 0.5611111111111111 0.0140625 0.025
67 0.853125 0.42777777777777776 0.028125 0.06388888888888888
69 0.5046875 0.5611111111111111 0.0140625 0.025
81 0.578125 0.5291666666666667 0.01328125 0.02361111111111111
