25 0.64765625 0.3625 0.01875 0.03888888888888889
65 0.7984375 0.24166666666666667 0.04375 0.08194444444444444
64 0.31328125 0.3236111111111111 0.01875 0.034722222222222224
66 0.31328125 0.3638888888888889 0.0203125 0.034722222222222224
68 0.64765625 0.325 0.0203125 0.03333333333333333
25 0.64765625 0.3625 0.01875 0.03888888888888889
65 0.7984375 0.24166666666666667 0.04375 0.08194444444444444
64 0.31328125 0.3236111111111111 0.01875 0.034722222222222224
66 0.31328125 0.3638888888888889 0.0203125 0.034722222222222224
68 0.64765625 0.325 0.0203125 0.03333333333333333
25 0.64765625 0.3625 0.01875 0.03888888888888889
65 0.7984375 0.24166666666666667 0.04375 0.08194444444444444
64 0.31328125 0.3236111111111111 0.01875 0.034722222222222224
66 0.31328125 0.3638888888888889 0.0203125 0.034722222222222224
68 0.64765625 0.325 0.0203125 0.03333333333333333
