13 0.746875 0.3458333333333333 0.01875 0.034722222222222224
16 0.36953125 0.28055555555555556 0.015625 0.02638888888888889
16 0.4421875 0.2833333333333333 0.0140625 0.025
16 0.5125 0.28194444444444444 0.01484375 0.02361111111111111
16 0.57890625 0.2722222222222222 0.0140625 0.02361111111111111
13 0.746875 0.3458333333333333 0.01875 0.034722222222222224
16 0.36953125 0.28055555555555556 0.015625 0.02638888888888889
16 0.4421875 0.2833333333333333 0.0140625 0.025
16 0.5125 0.28194444444444444 0.01484375 0.02361111111111111
16 0.57890625 0.2722222222222222 0.0140625 0.02361111111111111
13 0.746875 0.3458333333333333 0.01875 0.034722222222222224
16 0.36953125 0.28055555555555556 0.015625 0.02638888888888889
16 0.4421875 0.2833333333333333 0.0140625 0.025
16 0.5125 0.28194444444444444 0.01484375 0.02361111111111111
16 0.57890625 0.2722222222222222 0.0140625 0.02361111111111111
