11 0.7385416666666667 0.4425925925925926 0.022395833333333334 0.03981481481481482
11 0.22864583333333333 0.36574074074074076 0.015625 0.040740740740740744
11 0.2682291666666667 0.41203703703703703 0.024479166666666666 0.03148148148148148
78 0.27291666666666664 0.3333333333333333 0.017708333333333333 0.046296296296296294
11 0.7385416666666667 0.4425925925925926 0.022395833333333334 0.03981481481481482
11 0.22864583333333333 0.36574074074074076 0.015625 0.040740740740740744
11 0.2682291666666667 0.41203703703703703 0.024479166666666666 0.03148148148148148
78 0.27291666666666664 0.3333333333333333 0.017708333333333333 0.046296296296296294
11 0.7385416666666667 0.4425925925925926 0.022395833333333334 0.03981481481481482
11 0.22864583333333333 0.36574074074074076 0.015625 0.040740740740740744
11 0.2682291666666667 0.41203703703703703 0.024479166666666666 0.03148148148148148
78 0.27291666666666664 0.3333333333333333 0.017708333333333333 0.046296296296296294
