11 0.625 0.43148148148148147 0.018229166666666668 0.02962962962962963
20 0.5255208333333333 0.48518518518518516 0.008333333333333333 0.01574074074074074
11 0.525 0.5018518518518519 0.008854166666666666 0.01574074074074074
11 0.24739583333333334 0.462037037037037 0.01875 0.03425925925925926
11 0.32708333333333334 0.48148148148148145 0.009895833333333333 0.016666666666666666
87 0.625 0.3990740740740741 0.018229166666666668 0.030555555555555555
11 0.625 0.43148148148148147 0.018229166666666668 0.02962962962962963
20 0.5255208333333333 0.48518518518518516 0.008333333333333333 0.01574074074074074
11 0.525 0.5018518518518519 0.008854166666666666 0.01574074074074074
11 0.24739583333333334 0.462037037037037 0.01875 0.03425925925925926
11 0.32708333333333334 0.48148148148148145 0.009895833333333333 0.016666666666666666
87 0.625 0.3990740740740741 0.018229166666666668 0.030555555555555555
11 0.625 0.43148148148148147 0.018229166666666668 0.02962962962962963
20 0.5255208333333333 0.48518518518518516 0.008333333333333333 0.01574074074074074
11 0.525 0.5018518518518519 0.008854166666666666 0.01574074074074074
11 0.24739583333333334 0.462037037037037 0.01875 0.03425925925925926
11 0.32708333333333334 0.48148148148148145 0.009895833333333333 0.016666666666666666
87 0.625 0.3990740740740741 0.018229166666666668 0.030555555555555555
