11 0.15208333333333332 0.687037037037037 0.04375 0.07685185185185185
11 0.5526041666666667 0.7685185185185185 0.0234375 0.03888888888888889
11 0.234375 0.7898148148148149 0.018229166666666668 0.03333333333333333
11 0.8994791666666667 0.6342592592592593 0.05625 0.09814814814814815
11 0.8645833333333334 0.7027777777777777 0.019270833333333334 0.0712962962962963
11 0.7536458333333333 0.7703703703703704 0.016145833333333335 0.04814814814814815
38 0.46927083333333336 0.7555555555555555 0.020833333333333332 0.032407407407407406
81 0.4708333333333333 0.8046296296296296 0.0171875 0.03425925925925926
11 0.15208333333333332 0.687037037037037 0.04375 0.07685185185185185
11 0.5526041666666667 0.7685185185185185 0.0234375 0.03888888888888889
11 0.234375 0.7898148148148149 0.018229166666666668 0.03333333333333333
11 0.8994791666666667 0.6342592592592593 0.05625 0.09814814814814815
11 0.8645833333333334 0.7027777777777777 0.019270833333333334 0.0712962962962963
11 0.7536458333333333 0.7703703703703704 0.016145833333333335 0.04814814814814815
38 0.46927083333333336 0.7555555555555555 0.020833333333333332 0.032407407407407406
81 0.4708333333333333 0.8046296296296296 0.0171875 0.03425925925925926
11 0.15208333333333332 0.687037037037037 0.04375 0.07685185185185185
11 0.5526041666666667 0.7685185185185185 0.0234375 0.03888888888888889
11 0.234375 0.7898148148148149 0.018229166666666668 0.03333333333333333
11 0.8994791666666667 0.6342592592592593 0.05625 0.09814814814814815
11 0.8645833333333334 0.7027777777777777 0.019270833333333334 0.0712962962962963
11 0.7536458333333333 0.7703703703703704 0.016145833333333335 0.04814814814814815
38 0.46927083333333336 0.7555555555555555 0.020833333333333332 0.032407407407407406
81 0.4708333333333333 0.8046296296296296 0.0171875 0.03425925925925926
