22 0.6875 0.4861111111111111 0.015625 0.02638888888888889
38 0.22109375 0.25 0.05390625 0.08472222222222223
46 0.68671875 0.4583333333333333 0.01484375 0.02638888888888889
96 0.22421875 0.3388888888888889 0.04375 0.07361111111111111
22 0.6875 0.4861111111111111 0.015625 0.02638888888888889
38 0.22109375 0.25 0.05390625 0.08472222222222223
46 0.68671875 0.4583333333333333 0.01484375 0.02638888888888889
96 0.22421875 0.3388888888888889 0.04375 0.07361111111111111
22 0.6875 0.4861111111111111 0.015625 0.02638888888888889
38 0.22109375 0.25 0.05390625 0.08472222222222223
46 0.68671875 0.4583333333333333 0.01484375 0.02638888888888889
96 0.22421875 0.3388888888888889 0.04375 0.07361111111111111
