20 0.4625 0.30833333333333335 0.0140625 0.059722222222222225
20 0.30390625 0.3819444444444444 0.03046875 0.04722222222222222
64 0.29296875 0.2791666666666667 0.0359375 0.06388888888888888
79 0.30078125 0.3375 0.0328125 0.041666666666666664
20 0.4625 0.30833333333333335 0.0140625 0.059722222222222225
20 0.30390625 0.3819444444444444 0.03046875 0.04722222222222222
64 0.29296875 0.2791666666666667 0.0359375 0.06388888888888888
79 0.30078125 0.3375 0.0328125 0.041666666666666664
20 0.4625 0.30833333333333335 0.0140625 0.059722222222222225
20 0.30390625 0.3819444444444444 0.03046875 0.04722222222222222
64 0.29296875 0.2791666666666667 0.0359375 0.06388888888888888
79 0.30078125 0.3375 0.0328125 0.041666666666666664
