0 0.5776041666666667 0.4203703703703704 0.009895833333333333 0.02962962962962963
12 0.5989583333333334 0.35833333333333334 0.0296875 0.053703703703703705
11 0.5770833333333333 0.38796296296296295 0.013020833333333334 0.025
11 0.35520833333333335 0.43333333333333335 0.0140625 0.025
0 0.5776041666666667 0.4203703703703704 0.009895833333333333 0.02962962962962963
12 0.5989583333333334 0.35833333333333334 0.0296875 0.053703703703703705
11 0.5770833333333333 0.38796296296296295 0.013020833333333334 0.025
11 0.35520833333333335 0.43333333333333335 0.0140625 0.025
0 0.5776041666666667 0.4203703703703704 0.009895833333333333 0.02962962962962963
12 0.5989583333333334 0.35833333333333334 0.0296875 0.053703703703703705
11 0.5770833333333333 0.38796296296296295 0.013020833333333334 0.025
11 0.35520833333333335 0.43333333333333335 0.0140625 0.025
