19 0.56015625 0.49166666666666664 0.04453125 0.03888888888888889
19 0.19765625 0.49166666666666664 0.04609375 0.041666666666666664
19 0.5359375 0.5194444444444445 0.02421875 0.022222222222222223
11 0.0859375 0.5027777777777778 0.015625 0.05138888888888889
19 0.56015625 0.49166666666666664 0.04453125 0.03888888888888889
19 0.19765625 0.49166666666666664 0.04609375 0.041666666666666664
19 0.5359375 0.5194444444444445 0.02421875 0.022222222222222223
11 0.0859375 0.5027777777777778 0.015625 0.05138888888888889
19 0.56015625 0.49166666666666664 0.04453125 0.03888888888888889
19 0.19765625 0.49166666666666664 0.04609375 0.041666666666666664
19 0.5359375 0.5194444444444445 0.02421875 0.022222222222222223
11 0.0859375 0.5027777777777778 0.015625 0.05138888888888889
