16 0.55546875 0.4013888888888889 0.0125 0.022222222222222223
16 0.50703125 0.4236111111111111 0.01328125 0.02361111111111111
16 0.43125 0.4375 0.01328125 0.022222222222222223
16 0.3734375 0.4375 0.01328125 0.022222222222222223
16 0.3171875 0.4388888888888889 0.0140625 0.02638888888888889
64 0.61171875 0.5416666666666666 0.0171875 0.029166666666666667
16 0.55546875 0.4013888888888889 0.0125 0.022222222222222223
16 0.50703125 0.4236111111111111 0.01328125 0.02361111111111111
16 0.43125 0.4375 0.01328125 0.022222222222222223
16 0.3734375 0.4375 0.01328125 0.022222222222222223
16 0.3171875 0.4388888888888889 0.0140625 0.02638888888888889
64 0.61171875 0.5416666666666666 0.0171875 0.029166666666666667
16 0.55546875 0.4013888888888889 0.0125 0.022222222222222223
16 0.50703125 0.4236111111111111 0.01328125 0.02361111111111111
16 0.43125 0.4375 0.01328125 0.022222222222222223
16 0.3734375 0.4375 0.01328125 0.022222222222222223
16 0.3171875 0.4388888888888889 0.0140625 0.02638888888888889
64 0.61171875 0.5416666666666666 0.0171875 0.029166666666666667
