11 0.11458333333333333 0.4166666666666667 0.017708333333333333 0.032407407407407406
11 0.6 0.35462962962962963 0.017708333333333333 0.026851851851851852
11 0.5328125 0.4009259259259259 0.0125 0.017592592592592594
11 0.2604166666666667 0.4203703703703704 0.0109375 0.017592592592592594
64 0.6838541666666667 0.37592592592592594 0.0296875 0.049074074074074076
11 0.11458333333333333 0.4166666666666667 0.017708333333333333 0.032407407407407406
11 0.6 0.35462962962962963 0.017708333333333333 0.026851851851851852
11 0.5328125 0.4009259259259259 0.0125 0.017592592592592594
11 0.2604166666666667 0.4203703703703704 0.0109375 0.017592592592592594
64 0.6838541666666667 0.37592592592592594 0.0296875 0.049074074074074076
11 0.11458333333333333 0.4166666666666667 0.017708333333333333 0.032407407407407406
11 0.6 0.35462962962962963 0.017708333333333333 0.026851851851851852
11 0.5328125 0.4009259259259259 0.0125 0.017592592592592594
11 0.2604166666666667 0.4203703703703704 0.0109375 0.017592592592592594
64 0.6838541666666667 0.37592592592592594 0.0296875 0.049074074074074076
