16 0.6 0.18611111111111112 0.03046875 0.05555555555555555
16 0.4453125 0.2111111111111111 0.0296875 0.05277777777777778
11 0.62890625 0.4791666666666667 0.0171875 0.029166666666666667
64 0.46953125 0.21388888888888888 0.040625 0.07222222222222222
16 0.6 0.18611111111111112 0.03046875 0.05555555555555555
16 0.4453125 0.2111111111111111 0.0296875 0.05277777777777778
11 0.62890625 0.4791666666666667 0.0171875 0.029166666666666667
64 0.46953125 0.21388888888888888 0.040625 0.07222222222222222
16 0.6 0.18611111111111112 0.03046875 0.05555555555555555
16 0.4453125 0.2111111111111111 0.0296875 0.05277777777777778
11 0.62890625 0.4791666666666667 0.0171875 0.029166666666666667
64 0.46953125 0.21388888888888888 0.040625 0.07222222222222222
