37 0.48020833333333335 0.5324074074074074 0.008854166666666666 0.01574074074074074
98 0.5510416666666667 0.5268518518518519 0.010416666666666666 0.018518518518518517
81 0.5515625 0.55 0.011458333333333333 0.018518518518518517
80 0.48020833333333335 0.55 0.008854166666666666 0.014814814814814815
37 0.48020833333333335 0.5324074074074074 0.008854166666666666 0.01574074074074074
98 0.5510416666666667 0.5268518518518519 0.010416666666666666 0.018518518518518517
81 0.5515625 0.55 0.011458333333333333 0.018518518518518517
80 0.48020833333333335 0.55 0.008854166666666666 0.014814814814814815
37 0.48020833333333335 0.5324074074074074 0.008854166666666666 0.01574074074074074
98 0.5510416666666667 0.5268518518518519 0.010416666666666666 0.018518518518518517
81 0.5515625 0.55 0.011458333333333333 0.018518518518518517
80 0.48020833333333335 0.55 0.008854166666666666 0.014814814814814815
