0 0.3109375 0.46111111111111114 0.009895833333333333 0.022222222222222223
11 0.5416666666666666 0.4648148148148148 0.010416666666666666 0.014814814814814815
11 0.4036458333333333 0.487962962962963 0.010416666666666666 0.016666666666666666
64 0.6067708333333334 0.3851851851851852 0.027083333333333334 0.04814814814814815
0 0.3109375 0.46111111111111114 0.009895833333333333 0.022222222222222223
11 0.5416666666666666 0.4648148148148148 0.010416666666666666 0.014814814814814815
11 0.4036458333333333 0.487962962962963 0.010416666666666666 0.016666666666666666
64 0.6067708333333334 0.3851851851851852 0.027083333333333334 0.04814814814814815
0 0.3109375 0.46111111111111114 0.009895833333333333 0.022222222222222223
11 0.5416666666666666 0.4648148148148148 0.010416666666666666 0.014814814814814815
11 0.4036458333333333 0.487962962962963 0.010416666666666666 0.016666666666666666
64 0.6067708333333334 0.3851851851851852 0.027083333333333334 0.04814814814814815
