11 0.69921875 0.3472222222222222 0.0578125 0.1
11 0.48828125 0.44027777777777777 0.0171875 0.029166666666666667
64 0.73671875 0.10694444444444444 0.078125 0.15833333333333333
91 0.73359375 0.24722222222222223 0.06640625 0.11527777777777778
11 0.69921875 0.3472222222222222 0.0578125 0.1
11 0.48828125 0.44027777777777777 0.0171875 0.029166666666666667
64 0.73671875 0.10694444444444444 0.078125 0.15833333333333333
91 0.73359375 0.24722222222222223 0.06640625 0.11527777777777778
11 0.69921875 0.3472222222222222 0.0578125 0.1
11 0.48828125 0.44027777777777777 0.0171875 0.029166666666666667
64 0.73671875 0.10694444444444444 0.078125 0.15833333333333333
91 0.73359375 0.24722222222222223 0.06640625 0.11527777777777778
