11 0.16041666666666668 0.30833333333333335 0.04635416666666667 0.08055555555555556
35 0.2578125 0.4009259259259259 0.015104166666666667 0.027777777777777776
35 0.6427083333333333 0.4462962962962963 0.014583333333333334 0.019444444444444445
64 0.6416666666666667 0.4222222222222222 0.010416666666666666 0.017592592592592594
11 0.16041666666666668 0.30833333333333335 0.04635416666666667 0.08055555555555556
35 0.2578125 0.4009259259259259 0.015104166666666667 0.027777777777777776
35 0.6427083333333333 0.4462962962962963 0.014583333333333334 0.019444444444444445
64 0.6416666666666667 0.4222222222222222 0.010416666666666666 0.017592592592592594
11 0.16041666666666668 0.30833333333333335 0.04635416666666667 0.08055555555555556
35 0.2578125 0.4009259259259259 0.015104166666666667 0.027777777777777776
35 0.6427083333333333 0.4462962962962963 0.014583333333333334 0.019444444444444445
64 0.6416666666666667 0.4222222222222222 0.010416666666666666 0.017592592592592594
