11 0.59453125 0.4861111111111111 0.01953125 0.03333333333333333
11 0.19140625 0.44722222222222224 0.01875 0.034722222222222224
11 0.4984375 0.5013888888888889 0.0125 0.02361111111111111
64 0.59609375 0.44027777777777777 0.028125 0.05
11 0.59453125 0.4861111111111111 0.01953125 0.03333333333333333
11 0.19140625 0.44722222222222224 0.01875 0.034722222222222224
11 0.4984375 0.5013888888888889 0.0125 0.02361111111111111
64 0.59609375 0.44027777777777777 0.028125 0.05
11 0.59453125 0.4861111111111111 0.01953125 0.03333333333333333
11 0.19140625 0.44722222222222224 0.01875 0.034722222222222224
11 0.4984375 0.5013888888888889 0.0125 0.02361111111111111
64 0.59609375 0.44027777777777777 0.028125 0.05
