0 0.51875 0.45185185185185184 0.008333333333333333 0.023148148148148147
11 0.022395833333333334 0.425 0.01875 0.030555555555555555
11 0.5369791666666667 0.39814814814814814 0.015625 0.026851851851851852
11 0.7140625 0.25462962962962965 0.019270833333333334 0.06388888888888888
0 0.51875 0.45185185185185184 0.008333333333333333 0.023148148148148147
11 0.022395833333333334 0.425 0.01875 0.030555555555555555
11 0.5369791666666667 0.39814814814814814 0.015625 0.026851851851851852
11 0.7140625 0.25462962962962965 0.019270833333333334 0.06388888888888888
0 0.51875 0.45185185185185184 0.008333333333333333 0.023148148148148147
11 0.022395833333333334 0.425 0.01875 0.030555555555555555
11 0.5369791666666667 0.39814814814814814 0.015625 0.026851851851851852
11 0.7140625 0.25462962962962965 0.019270833333333334 0.06388888888888888
