0 0.016145833333333335 0.4935185185185185 0.0171875 0.041666666666666664
11 0.9380208333333333 0.41388888888888886 0.06770833333333333 0.12037037037037036
15 0.55 0.462037037037037 0.0109375 0.020370370370370372
11 0.5510416666666667 0.49722222222222223 0.011458333333333333 0.022222222222222223
11 0.17447916666666666 0.5222222222222223 0.011458333333333333 0.025
64 0.9364583333333333 0.29259259259259257 0.0703125 0.11944444444444445
0 0.016145833333333335 0.4935185185185185 0.0171875 0.041666666666666664
11 0.9380208333333333 0.41388888888888886 0.06770833333333333 0.12037037037037036
15 0.55 0.462037037037037 0.0109375 0.020370370370370372
11 0.5510416666666667 0.49722222222222223 0.011458333333333333 0.022222222222222223
11 0.17447916666666666 0.5222222222222223 0.011458333333333333 0.025
64 0.9364583333333333 0.29259259259259257 0.0703125 0.11944444444444445
0 0.016145833333333335 0.4935185185185185 0.0171875 0.041666666666666664
11 0.9380208333333333 0.41388888888888886 0.06770833333333333 0.12037037037037036
15 0.55 0.462037037037037 0.0109375 0.020370370370370372
11 0.5510416666666667 0.49722222222222223 0.011458333333333333 0.022222222222222223
11 0.17447916666666666 0.5222222222222223 0.011458333333333333 0.025
64 0.9364583333333333 0.29259259259259257 0.0703125 0.11944444444444445
