11 0.48359375 0.46805555555555556 0.025 0.04583333333333333
11 0.2671875 0.4513888888888889 0.015625 0.0375
38 0.4375 0.49583333333333335 0.0140625 0.027777777777777776
81 0.4359375 0.5222222222222223 0.0125 0.02361111111111111
11 0.48359375 0.46805555555555556 0.025 0.04583333333333333
11 0.2671875 0.4513888888888889 0.015625 0.0375
38 0.4375 0.49583333333333335 0.0140625 0.027777777777777776
81 0.4359375 0.5222222222222223 0.0125 0.02361111111111111
11 0.48359375 0.46805555555555556 0.025 0.04583333333333333
11 0.2671875 0.4513888888888889 0.015625 0.0375
38 0.4375 0.49583333333333335 0.0140625 0.027777777777777776
81 0.4359375 0.5222222222222223 0.0125 0.02361111111111111
