16 0.32734375 0.3486111111111111 0.01640625 0.03194444444444444
16 0.40390625 0.35555555555555557 0.01796875 0.03194444444444444
16 0.475 0.35694444444444445 0.01875 0.03333333333333333
16 0.584375 0.3527777777777778 0.01953125 0.034722222222222224
70 0.13984375 0.4444444444444444 0.025 0.03888888888888889
16 0.32734375 0.3486111111111111 0.01640625 0.03194444444444444
16 0.40390625 0.35555555555555557 0.01796875 0.03194444444444444
16 0.475 0.35694444444444445 0.01875 0.03333333333333333
16 0.584375 0.3527777777777778 0.01953125 0.034722222222222224
70 0.13984375 0.4444444444444444 0.025 0.03888888888888889
16 0.32734375 0.3486111111111111 0.01640625 0.03194444444444444
16 0.40390625 0.35555555555555557 0.01796875 0.03194444444444444
16 0.475 0.35694444444444445 0.01875 0.03333333333333333
16 0.584375 0.3527777777777778 0.01953125 0.034722222222222224
70 0.13984375 0.4444444444444444 0.025 0.03888888888888889
