11 0.58671875 0.4486111111111111 0.0203125 0.034722222222222224
11 0.27734375 0.47638888888888886 0.01796875 0.029166666666666667
11 0.1265625 0.5597222222222222 0.01328125 0.043055555555555555
64 0.734375 0.2625 0.0578125 0.1361111111111111
11 0.58671875 0.4486111111111111 0.0203125 0.034722222222222224
11 0.27734375 0.47638888888888886 0.01796875 0.029166666666666667
11 0.1265625 0.5597222222222222 0.01328125 0.043055555555555555
64 0.734375 0.2625 0.0578125 0.1361111111111111
11 0.58671875 0.4486111111111111 0.0203125 0.034722222222222224
11 0.27734375 0.47638888888888886 0.01796875 0.029166666666666667
11 0.1265625 0.5597222222222222 0.01328125 0.043055555555555555
64 0.734375 0.2625 0.0578125 0.1361111111111111
