12 0.53046875 0.45555555555555555 0.0171875 0.030555555555555555
37 0.70546875 0.21805555555555556 0.07265625 0.11527777777777778
38 0.7171875 0.45555555555555555 0.0625 0.08888888888888889
81 0.7109375 0.36527777777777776 0.05078125 0.09305555555555556
12 0.53046875 0.45555555555555555 0.0171875 0.030555555555555555
37 0.70546875 0.21805555555555556 0.07265625 0.11527777777777778
38 0.7171875 0.45555555555555555 0.0625 0.08888888888888889
81 0.7109375 0.36527777777777776 0.05078125 0.09305555555555556
12 0.53046875 0.45555555555555555 0.0171875 0.030555555555555555
37 0.70546875 0.21805555555555556 0.07265625 0.11527777777777778
38 0.7171875 0.45555555555555555 0.0625 0.08888888888888889
81 0.7109375 0.36527777777777776 0.05078125 0.09305555555555556
