0 0.259375 0.5958333333333333 0.0125 0.029166666666666667
11 0.4890625 0.5888888888888889 0.01484375 0.02638888888888889
41 0.5765625 0.5805555555555556 0.03125 0.04722222222222222
41 0.48984375 0.6208333333333333 0.015625 0.022222222222222223
81 0.57890625 0.5347222222222222 0.028125 0.04583333333333333
0 0.259375 0.5958333333333333 0.0125 0.029166666666666667
11 0.4890625 0.5888888888888889 0.01484375 0.02638888888888889
41 0.5765625 0.5805555555555556 0.03125 0.04722222222222222
41 0.48984375 0.6208333333333333 0.015625 0.022222222222222223
81 0.57890625 0.5347222222222222 0.028125 0.04583333333333333
0 0.259375 0.5958333333333333 0.0125 0.029166666666666667
11 0.4890625 0.5888888888888889 0.01484375 0.02638888888888889
41 0.5765625 0.5805555555555556 0.03125 0.04722222222222222
41 0.48984375 0.6208333333333333 0.015625 0.022222222222222223
81 0.57890625 0.5347222222222222 0.028125 0.04583333333333333
