11 0.015104166666666667 0.425 0.024479166666666666 0.037037037037037035
11 0.9744791666666667 0.5046296296296297 0.029166666666666667 0.041666666666666664
29 0.3776041666666667 0.4861111111111111 0.0140625 0.019444444444444445
11 0.48802083333333335 0.4925925925925926 0.0125 0.026851851851851852
11 0.6510416666666666 0.5268518518518519 0.014583333333333334 0.026851851851851852
29 0.28072916666666664 0.4925925925925926 0.011458333333333333 0.01574074074074074
11 0.015104166666666667 0.425 0.024479166666666666 0.037037037037037035
11 0.9744791666666667 0.5046296296296297 0.029166666666666667 0.041666666666666664
29 0.3776041666666667 0.4861111111111111 0.0140625 0.019444444444444445
11 0.48802083333333335 0.4925925925925926 0.0125 0.026851851851851852
11 0.6510416666666666 0.5268518518518519 0.014583333333333334 0.026851851851851852
29 0.28072916666666664 0.4925925925925926 0.011458333333333333 0.01574074074074074
11 0.015104166666666667 0.425 0.024479166666666666 0.037037037037037035
11 0.9744791666666667 0.5046296296296297 0.029166666666666667 0.041666666666666664
29 0.3776041666666667 0.4861111111111111 0.0140625 0.019444444444444445
11 0.48802083333333335 0.4925925925925926 0.0125 0.026851851851851852
11 0.6510416666666666 0.5268518518518519 0.014583333333333334 0.026851851851851852
29 0.28072916666666664 0.4925925925925926 0.011458333333333333 0.01574074074074074
