11 0.3338541666666667 0.3962962962962963 0.009895833333333333 0.019444444444444445
15 0.6994791666666667 0.3814814814814815 0.013020833333333334 0.021296296296296296
12 0.5473958333333333 0.3509259259259259 0.0140625 0.024074074074074074
64 0.5161458333333333 0.35462962962962963 0.0171875 0.026851851851851852
11 0.3338541666666667 0.3962962962962963 0.009895833333333333 0.019444444444444445
15 0.6994791666666667 0.3814814814814815 0.013020833333333334 0.021296296296296296
12 0.5473958333333333 0.3509259259259259 0.0140625 0.024074074074074074
64 0.5161458333333333 0.35462962962962963 0.0171875 0.026851851851851852
11 0.3338541666666667 0.3962962962962963 0.009895833333333333 0.019444444444444445
15 0.6994791666666667 0.3814814814814815 0.013020833333333334 0.021296296296296296
12 0.5473958333333333 0.3509259259259259 0.0140625 0.024074074074074074
64 0.5161458333333333 0.35462962962962963 0.0171875 0.026851851851851852
