11 0.5609375 0.48055555555555557 0.009895833333333333 0.016666666666666666
64 0.5609375 0.45740740740740743 0.011979166666666667 0.020370370370370372
68 0.3765625 0.46944444444444444 0.011458333333333333 0.018518518518518517
70 0.375 0.5027777777777778 0.008854166666666666 0.016666666666666666
11 0.5609375 0.48055555555555557 0.009895833333333333 0.016666666666666666
64 0.5609375 0.45740740740740743 0.011979166666666667 0.020370370370370372
68 0.3765625 0.46944444444444444 0.011458333333333333 0.018518518518518517
70 0.375 0.5027777777777778 0.008854166666666666 0.016666666666666666
11 0.5609375 0.48055555555555557 0.009895833333333333 0.016666666666666666
64 0.5609375 0.45740740740740743 0.011979166666666667 0.020370370370370372
68 0.3765625 0.46944444444444444 0.011458333333333333 0.018518518518518517
70 0.375 0.5027777777777778 0.008854166666666666 0.016666666666666666
