11 0.19375 0.4638888888888889 0.016666666666666666 0.028703703703703703
11 0.3723958333333333 0.5018518518518519 0.011979166666666667 0.017592592592592594
11 0.5526041666666667 0.4925925925925926 0.011458333333333333 0.019444444444444445
64 0.5927083333333333 0.4287037037037037 0.025520833333333333 0.041666666666666664
11 0.19375 0.4638888888888889 0.016666666666666666 0.028703703703703703
11 0.3723958333333333 0.5018518518518519 0.011979166666666667 0.017592592592592594
11 0.5526041666666667 0.4925925925925926 0.011458333333333333 0.019444444444444445
64 0.5927083333333333 0.4287037037037037 0.025520833333333333 0.041666666666666664
11 0.19375 0.4638888888888889 0.016666666666666666 0.028703703703703703
11 0.3723958333333333 0.5018518518518519 0.011979166666666667 0.017592592592592594
11 0.5526041666666667 0.4925925925925926 0.011458333333333333 0.019444444444444445
64 0.5927083333333333 0.4287037037037037 0.025520833333333333 0.041666666666666664
