11 0.5432291666666667 0.462037037037037 0.013541666666666667 0.022222222222222223
11 0.3776041666666667 0.4666666666666667 0.011458333333333333 0.023148148148148147
11 0.4114583333333333 0.475 0.008854166666666666 0.01574074074074074
64 0.5416666666666666 0.43333333333333335 0.017708333333333333 0.030555555555555555
11 0.5432291666666667 0.462037037037037 0.013541666666666667 0.022222222222222223
11 0.3776041666666667 0.4666666666666667 0.011458333333333333 0.023148148148148147
11 0.4114583333333333 0.475 0.008854166666666666 0.01574074074074074
64 0.5416666666666666 0.43333333333333335 0.017708333333333333 0.030555555555555555
11 0.5432291666666667 0.462037037037037 0.013541666666666667 0.022222222222222223
11 0.3776041666666667 0.4666666666666667 0.011458333333333333 0.023148148148148147
11 0.4114583333333333 0.475 0.008854166666666666 0.01574074074074074
64 0.5416666666666666 0.43333333333333335 0.017708333333333333 0.030555555555555555
