24 0.29765625 0.41388888888888886 0.01875 0.03333333333333333
16 0.4140625 0.4083333333333333 0.01953125 0.03194444444444444
16 0.50078125 0.39861111111111114 0.01875 0.03194444444444444
70 0.10390625 0.4875 0.0296875 0.05138888888888889
78 0.10234375 0.43472222222222223 0.028125 0.05
24 0.29765625 0.41388888888888886 0.01875 0.03333333333333333
16 0.4140625 0.4083333333333333 0.01953125 0.03194444444444444
16 0.50078125 0.39861111111111114 0.01875 0.03194444444444444
70 0.10390625 0.4875 0.0296875 0.05138888888888889
78 0.10234375 0.43472222222222223 0.028125 0.05
24 0.29765625 0.41388888888888886 0.01875 0.03333333333333333
16 0.4140625 0.4083333333333333 0.01953125 0.03194444444444444
16 0.50078125 0.39861111111111114 0.01875 0.03194444444444444
70 0.10390625 0.4875 0.0296875 0.05138888888888889
78 0.10234375 0.43472222222222223 0.028125 0.05
