0 0.053125 0.30277777777777776 0.028125 0.06111111111111111
0 0.66953125 0.43194444444444446 0.01484375 0.03194444444444444
11 0.70546875 0.38055555555555554 0.02421875 0.04027777777777778
11 0.21953125 0.3888888888888889 0.01796875 0.029166666666666667
0 0.053125 0.30277777777777776 0.028125 0.06111111111111111
0 0.66953125 0.43194444444444446 0.01484375 0.03194444444444444
11 0.70546875 0.38055555555555554 0.02421875 0.04027777777777778
11 0.21953125 0.3888888888888889 0.01796875 0.029166666666666667
0 0.053125 0.30277777777777776 0.028125 0.06111111111111111
0 0.66953125 0.43194444444444446 0.01484375 0.03194444444444444
11 0.70546875 0.38055555555555554 0.02421875 0.04027777777777778
11 0.21953125 0.3888888888888889 0.01796875 0.029166666666666667
