11 0.584375 0.34074074074074073 0.0140625 0.023148148148148147
11 0.4083333333333333 0.3824074074074074 0.011979166666666667 0.024074074074074074
11 0.3338541666666667 0.4305555555555556 0.011458333333333333 0.022222222222222223
11 0.1546875 0.41574074074074074 0.0125 0.021296296296296296
78 0.3421875 0.37037037037037035 0.0125 0.024074074074074074
11 0.584375 0.34074074074074073 0.0140625 0.023148148148148147
11 0.4083333333333333 0.3824074074074074 0.011979166666666667 0.024074074074074074
11 0.3338541666666667 0.4305555555555556 0.011458333333333333 0.022222222222222223
11 0.1546875 0.41574074074074074 0.0125 0.021296296296296296
78 0.3421875 0.37037037037037035 0.0125 0.024074074074074074
11 0.584375 0.34074074074074073 0.0140625 0.023148148148148147
11 0.4083333333333333 0.3824074074074074 0.011979166666666667 0.024074074074074074
11 0.3338541666666667 0.4305555555555556 0.011458333333333333 0.022222222222222223
11 0.1546875 0.41574074074074074 0.0125 0.021296296296296296
78 0.3421875 0.37037037037037035 0.0125 0.024074074074074074
