11 0.8078125 0.4398148148148148 0.019791666666666666 0.03425925925925926
11 0.50625 0.4361111111111111 0.016145833333333335 0.02962962962962963
11 0.39166666666666666 0.475 0.019791666666666666 0.03611111111111111
11 0.1234375 0.38796296296296295 0.016145833333333335 0.028703703703703703
78 0.41822916666666665 0.37962962962962965 0.019270833333333334 0.03611111111111111
11 0.8078125 0.4398148148148148 0.019791666666666666 0.03425925925925926
11 0.50625 0.4361111111111111 0.016145833333333335 0.02962962962962963
11 0.39166666666666666 0.475 0.019791666666666666 0.03611111111111111
11 0.1234375 0.38796296296296295 0.016145833333333335 0.028703703703703703
78 0.41822916666666665 0.37962962962962965 0.019270833333333334 0.03611111111111111
11 0.8078125 0.4398148148148148 0.019791666666666666 0.03425925925925926
11 0.50625 0.4361111111111111 0.016145833333333335 0.02962962962962963
11 0.39166666666666666 0.475 0.019791666666666666 0.03611111111111111
11 0.1234375 0.38796296296296295 0.016145833333333335 0.028703703703703703
78 0.41822916666666665 0.37962962962962965 0.019270833333333334 0.03611111111111111
