4 0.9682291666666667 0.23333333333333334 0.049479166666666664 0.12037037037037036
20 0.8630208333333333 0.36574074074074076 0.0140625 0.030555555555555555
71 0.8739583333333333 0.4148148148148148 0.011979166666666667 0.025
80 0.7546875 0.3537037037037037 0.018229166666666668 0.037037037037037035
95 0.8020833333333334 0.4074074074074074 0.027083333333333334 0.046296296296296294
82 0.9520833333333333 0.4074074074074074 0.015625 0.03148148148148148
4 0.9682291666666667 0.23333333333333334 0.049479166666666664 0.12037037037037036
20 0.8630208333333333 0.36574074074074076 0.0140625 0.030555555555555555
71 0.8739583333333333 0.4148148148148148 0.011979166666666667 0.025
80 0.7546875 0.3537037037037037 0.018229166666666668 0.037037037037037035
95 0.8020833333333334 0.4074074074074074 0.027083333333333334 0.046296296296296294
82 0.9520833333333333 0.4074074074074074 0.015625 0.03148148148148148
4 0.9682291666666667 0.23333333333333334 0.049479166666666664 0.12037037037037036
20 0.8630208333333333 0.36574074074074076 0.0140625 0.030555555555555555
71 0.8739583333333333 0.4148148148148148 0.011979166666666667 0.025
80 0.7546875 0.3537037037037037 0.018229166666666668 0.037037037037037035
95 0.8020833333333334 0.4074074074074074 0.027083333333333334 0.046296296296296294
82 0.9520833333333333 0.4074074074074074 0.015625 0.03148148148148148
