11 0.5958333333333333 0.7518518518518519 0.014583333333333334 0.023148148148148147
12 0.5958333333333333 0.7759259259259259 0.014583333333333334 0.019444444444444445
37 0.60625 0.5583333333333333 0.05364583333333333 0.08703703703703704
80 0.6104166666666667 0.6435185185185185 0.04375 0.07592592592592592
11 0.5958333333333333 0.7518518518518519 0.014583333333333334 0.023148148148148147
12 0.5958333333333333 0.7759259259259259 0.014583333333333334 0.019444444444444445
37 0.60625 0.5583333333333333 0.05364583333333333 0.08703703703703704
80 0.6104166666666667 0.6435185185185185 0.04375 0.07592592592592592
11 0.5958333333333333 0.7518518518518519 0.014583333333333334 0.023148148148148147
12 0.5958333333333333 0.7759259259259259 0.014583333333333334 0.019444444444444445
37 0.60625 0.5583333333333333 0.05364583333333333 0.08703703703703704
80 0.6104166666666667 0.6435185185185185 0.04375 0.07592592592592592
