0 0.6369791666666667 0.4064814814814815 0.013020833333333334 0.032407407407407406
0 0.27395833333333336 0.39166666666666666 0.013020833333333334 0.041666666666666664
11 0.6807291666666667 0.40370370370370373 0.015104166666666667 0.03611111111111111
11 0.32395833333333335 0.3648148148148148 0.016145833333333335 0.032407407407407406
0 0.6369791666666667 0.4064814814814815 0.013020833333333334 0.032407407407407406
0 0.27395833333333336 0.39166666666666666 0.013020833333333334 0.041666666666666664
11 0.6807291666666667 0.40370370370370373 0.015104166666666667 0.03611111111111111
11 0.32395833333333335 0.3648148148148148 0.016145833333333335 0.032407407407407406
0 0.6369791666666667 0.4064814814814815 0.013020833333333334 0.032407407407407406
0 0.27395833333333336 0.39166666666666666 0.013020833333333334 0.041666666666666664
11 0.6807291666666667 0.40370370370370373 0.015104166666666667 0.03611111111111111
11 0.32395833333333335 0.3648148148148148 0.016145833333333335 0.032407407407407406
