11 0.61328125 0.5236111111111111 0.01484375 0.025
11 0.425 0.5458333333333333 0.01328125 0.022222222222222223
38 0.61328125 0.4708333333333333 0.0171875 0.027777777777777776
53 0.61328125 0.4986111111111111 0.01796875 0.025
11 0.61328125 0.5236111111111111 0.01484375 0.025
11 0.425 0.5458333333333333 0.01328125 0.022222222222222223
38 0.61328125 0.4708333333333333 0.0171875 0.027777777777777776
53 0.61328125 0.4986111111111111 0.01796875 0.025
11 0.61328125 0.5236111111111111 0.01484375 0.025
11 0.425 0.5458333333333333 0.01328125 0.022222222222222223
38 0.61328125 0.4708333333333333 0.0171875 0.027777777777777776
53 0.61328125 0.4986111111111111 0.01796875 0.025
