20 0.103125 0.4527777777777778 0.02109375 0.041666666666666664
11 0.94765625 0.5194444444444445 0.01328125 0.02361111111111111
39 0.92265625 0.49583333333333335 0.02578125 0.0375
99 0.8375 0.36666666666666664 0.02421875 0.05
20 0.103125 0.4527777777777778 0.02109375 0.041666666666666664
11 0.94765625 0.5194444444444445 0.01328125 0.02361111111111111
39 0.92265625 0.49583333333333335 0.02578125 0.0375
99 0.8375 0.36666666666666664 0.02421875 0.05
20 0.103125 0.4527777777777778 0.02109375 0.041666666666666664
11 0.94765625 0.5194444444444445 0.01328125 0.02361111111111111
39 0.92265625 0.49583333333333335 0.02578125 0.0375
99 0.8375 0.36666666666666664 0.02421875 0.05
