11 0.3578125 0.525 0.008333333333333333 0.017592592592592594
11 0.48541666666666666 0.5342592592592592 0.009375 0.01574074074074074
38 0.4864583333333333 0.5138888888888888 0.0125 0.017592592592592594
81 0.4708333333333333 0.5351851851851852 0.008333333333333333 0.014814814814814815
11 0.3578125 0.525 0.008333333333333333 0.017592592592592594
11 0.48541666666666666 0.5342592592592592 0.009375 0.01574074074074074
38 0.4864583333333333 0.5138888888888888 0.0125 0.017592592592592594
81 0.4708333333333333 0.5351851851851852 0.008333333333333333 0.014814814814814815
11 0.3578125 0.525 0.008333333333333333 0.017592592592592594
11 0.48541666666666666 0.5342592592592592 0.009375 0.01574074074074074
38 0.4864583333333333 0.5138888888888888 0.0125 0.017592592592592594
81 0.4708333333333333 0.5351851851851852 0.008333333333333333 0.014814814814814815
