11 0.559375 0.41805555555555557 0.025 0.044444444444444446
37 0.50234375 0.4986111111111111 0.01796875 0.03194444444444444
38 0.559375 0.4666666666666667 0.02734375 0.044444444444444446
81 0.50390625 0.5416666666666666 0.0140625 0.02361111111111111
79 0.55859375 0.5125 0.02421875 0.041666666666666664
11 0.559375 0.41805555555555557 0.025 0.044444444444444446
37 0.50234375 0.4986111111111111 0.01796875 0.03194444444444444
38 0.559375 0.4666666666666667 0.02734375 0.044444444444444446
81 0.50390625 0.5416666666666666 0.0140625 0.02361111111111111
79 0.55859375 0.5125 0.02421875 0.041666666666666664
11 0.559375 0.41805555555555557 0.025 0.044444444444444446
37 0.50234375 0.4986111111111111 0.01796875 0.03194444444444444
38 0.559375 0.4666666666666667 0.02734375 0.044444444444444446
81 0.50390625 0.5416666666666666 0.0140625 0.02361111111111111
79 0.55859375 0.5125 0.02421875 0.041666666666666664
