11 0.6973958333333333 0.3851851851851852 0.015625 0.030555555555555555
17 0.32135416666666666 0.3537037037037037 0.020833333333333332 0.03796296296296296
11 0.42552083333333335 0.42314814814814816 0.013541666666666667 0.024074074074074074
65 0.7171875 0.3592592592592593 0.0203125 0.03611111111111111
11 0.6973958333333333 0.3851851851851852 0.015625 0.030555555555555555
17 0.32135416666666666 0.3537037037037037 0.020833333333333332 0.03796296296296296
11 0.42552083333333335 0.42314814814814816 0.013541666666666667 0.024074074074074074
65 0.7171875 0.3592592592592593 0.0203125 0.03611111111111111
11 0.6973958333333333 0.3851851851851852 0.015625 0.030555555555555555
17 0.32135416666666666 0.3537037037037037 0.020833333333333332 0.03796296296296296
11 0.42552083333333335 0.42314814814814816 0.013541666666666667 0.024074074074074074
65 0.7171875 0.3592592592592593 0.0203125 0.03611111111111111
