11 0.92265625 0.4597222222222222 0.025 0.05
11 0.16640625 0.46944444444444444 0.0140625 0.043055555555555555
11 0.55546875 0.45694444444444443 0.0140625 0.029166666666666667
87 0.9078125 0.4875 0.021875 0.03333333333333333
11 0.92265625 0.4597222222222222 0.025 0.05
11 0.16640625 0.46944444444444444 0.0140625 0.043055555555555555
11 0.55546875 0.45694444444444443 0.0140625 0.029166666666666667
87 0.9078125 0.4875 0.021875 0.03333333333333333
11 0.92265625 0.4597222222222222 0.025 0.05
11 0.16640625 0.46944444444444444 0.0140625 0.043055555555555555
11 0.55546875 0.45694444444444443 0.0140625 0.029166666666666667
87 0.9078125 0.4875 0.021875 0.03333333333333333
