41 0.79296875 0.31805555555555554 0.0578125 0.08888888888888889
45 0.55390625 0.4388888888888889 0.015625 0.022222222222222223
41 0.55546875 0.4625 0.0171875 0.02361111111111111
88 0.79609375 0.4027777777777778 0.04375 0.08333333333333333
41 0.79296875 0.31805555555555554 0.0578125 0.08888888888888889
45 0.55390625 0.4388888888888889 0.015625 0.022222222222222223
41 0.55546875 0.4625 0.0171875 0.02361111111111111
88 0.79609375 0.4027777777777778 0.04375 0.08333333333333333
41 0.79296875 0.31805555555555554 0.0578125 0.08888888888888889
45 0.55390625 0.4388888888888889 0.015625 0.022222222222222223
41 0.55546875 0.4625 0.0171875 0.02361111111111111
88 0.79609375 0.4027777777777778 0.04375 0.08333333333333333
