16 0.409375 0.30416666666666664 0.015625 0.029166666666666667
16 0.48125 0.32222222222222224 0.01640625 0.030555555555555555
16 0.5578125 0.33611111111111114 0.01640625 0.029166666666666667
16 0.6453125 0.3486111111111111 0.01484375 0.027777777777777776
64 0.32890625 0.35 0.02109375 0.041666666666666664
66 0.328125 0.3861111111111111 0.0125 0.025
79 0.69453125 0.525 0.0140625 0.02638888888888889
16 0.409375 0.30416666666666664 0.015625 0.029166666666666667
16 0.48125 0.32222222222222224 0.01640625 0.030555555555555555
16 0.5578125 0.33611111111111114 0.01640625 0.029166666666666667
16 0.6453125 0.3486111111111111 0.01484375 0.027777777777777776
64 0.32890625 0.35 0.02109375 0.041666666666666664
66 0.328125 0.3861111111111111 0.0125 0.025
79 0.69453125 0.525 0.0140625 0.02638888888888889
16 0.409375 0.30416666666666664 0.015625 0.029166666666666667
16 0.48125 0.32222222222222224 0.01640625 0.030555555555555555
16 0.5578125 0.33611111111111114 0.01640625 0.029166666666666667
16 0.6453125 0.3486111111111111 0.01484375 0.027777777777777776
64 0.32890625 0.35 0.02109375 0.041666666666666664
66 0.328125 0.3861111111111111 0.0125 0.025
79 0.69453125 0.525 0.0140625 0.02638888888888889
