0 0.56953125 0.40694444444444444 0.0140625 0.034722222222222224
11 0.92734375 0.3458333333333333 0.0765625 0.12777777777777777
11 0.60703125 0.4652777777777778 0.02109375 0.0375
11 0.22578125 0.4722222222222222 0.01875 0.03194444444444444
11 0.88203125 0.4 0.02265625 0.08472222222222223
39 0.56796875 0.46944444444444444 0.01796875 0.027777777777777776
81 0.56953125 0.44027777777777777 0.015625 0.027777777777777776
0 0.56953125 0.40694444444444444 0.0140625 0.034722222222222224
11 0.92734375 0.3458333333333333 0.0765625 0.12777777777777777
11 0.60703125 0.4652777777777778 0.02109375 0.0375
11 0.22578125 0.4722222222222222 0.01875 0.03194444444444444
11 0.88203125 0.4 0.02265625 0.08472222222222223
39 0.56796875 0.46944444444444444 0.01796875 0.027777777777777776
81 0.56953125 0.44027777777777777 0.015625 0.027777777777777776
0 0.56953125 0.40694444444444444 0.0140625 0.034722222222222224
11 0.92734375 0.3458333333333333 0.0765625 0.12777777777777777
11 0.60703125 0.4652777777777778 0.02109375 0.0375
11 0.22578125 0.4722222222222222 0.01875 0.03194444444444444
11 0.88203125 0.4 0.02265625 0.08472222222222223
39 0.56796875 0.46944444444444444 0.01796875 0.027777777777777776
81 0.56953125 0.44027777777777777 0.015625 0.027777777777777776
