16 0.46015625 0.2791666666666667 0.0171875 0.030555555555555555
16 0.54453125 0.28055555555555556 0.0171875 0.029166666666666667
16 0.64453125 0.2777777777777778 0.01796875 0.03194444444444444
16 0.72578125 0.27361111111111114 0.0171875 0.030555555555555555
43 0.81796875 0.425 0.01796875 0.03333333333333333
64 0.8140625 0.38333333333333336 0.02421875 0.04027777777777778
16 0.46015625 0.2791666666666667 0.0171875 0.030555555555555555
16 0.54453125 0.28055555555555556 0.0171875 0.029166666666666667
16 0.64453125 0.2777777777777778 0.01796875 0.03194444444444444
16 0.72578125 0.27361111111111114 0.0171875 0.030555555555555555
43 0.81796875 0.425 0.01796875 0.03333333333333333
64 0.8140625 0.38333333333333336 0.02421875 0.04027777777777778
16 0.46015625 0.2791666666666667 0.0171875 0.030555555555555555
16 0.54453125 0.28055555555555556 0.0171875 0.029166666666666667
16 0.64453125 0.2777777777777778 0.01796875 0.03194444444444444
16 0.72578125 0.27361111111111114 0.0171875 0.030555555555555555
43 0.81796875 0.425 0.01796875 0.03333333333333333
64 0.8140625 0.38333333333333336 0.02421875 0.04027777777777778
