0 0.1359375 0.5541666666666667 0.01953125 0.044444444444444446
0 0.46640625 0.5722222222222222 0.0140625 0.027777777777777776
11 0.50859375 0.5444444444444444 0.01953125 0.03194444444444444
11 0.1671875 0.5736111111111111 0.021875 0.034722222222222224
41 0.509375 0.5944444444444444 0.02109375 0.034722222222222224
0 0.1359375 0.5541666666666667 0.01953125 0.044444444444444446
0 0.46640625 0.5722222222222222 0.0140625 0.027777777777777776
11 0.50859375 0.5444444444444444 0.01953125 0.03194444444444444
11 0.1671875 0.5736111111111111 0.021875 0.034722222222222224
41 0.509375 0.5944444444444444 0.02109375 0.034722222222222224
0 0.1359375 0.5541666666666667 0.01953125 0.044444444444444446
0 0.46640625 0.5722222222222222 0.0140625 0.027777777777777776
11 0.50859375 0.5444444444444444 0.01953125 0.03194444444444444
11 0.1671875 0.5736111111111111 0.021875 0.034722222222222224
41 0.509375 0.5944444444444444 0.02109375 0.034722222222222224
