11 0.7677083333333333 0.475 0.011458333333333333 0.046296296296296294
11 0.49375 0.5138888888888888 0.009895833333333333 0.014814814814814815
12 0.4947916666666667 0.5416666666666666 0.011458333333333333 0.017592592592592594
37 0.625 0.44814814814814813 0.036458333333333336 0.05277777777777778
64 0.6265625 0.38425925925925924 0.04635416666666667 0.07777777777777778
80 0.6255208333333333 0.5074074074074074 0.030729166666666665 0.05648148148148148
11 0.7677083333333333 0.475 0.011458333333333333 0.046296296296296294
11 0.49375 0.5138888888888888 0.009895833333333333 0.014814814814814815
12 0.4947916666666667 0.5416666666666666 0.011458333333333333 0.017592592592592594
37 0.625 0.44814814814814813 0.036458333333333336 0.05277777777777778
64 0.6265625 0.38425925925925924 0.04635416666666667 0.07777777777777778
80 0.6255208333333333 0.5074074074074074 0.030729166666666665 0.05648148148148148
11 0.7677083333333333 0.475 0.011458333333333333 0.046296296296296294
11 0.49375 0.5138888888888888 0.009895833333333333 0.014814814814814815
12 0.4947916666666667 0.5416666666666666 0.011458333333333333 0.017592592592592594
37 0.625 0.44814814814814813 0.036458333333333336 0.05277777777777778
64 0.6265625 0.38425925925925924 0.04635416666666667 0.07777777777777778
80 0.6255208333333333 0.5074074074074074 0.030729166666666665 0.05648148148148148
