0 0.57734375 0.4444444444444444 0.01640625 0.041666666666666664
11 0.65234375 0.4305555555555556 0.0296875 0.05555555555555555
11 0.1796875 0.42083333333333334 0.025 0.04861111111111111
64 0.5234375 0.4583333333333333 0.01640625 0.027777777777777776
0 0.57734375 0.4444444444444444 0.01640625 0.041666666666666664
11 0.65234375 0.4305555555555556 0.0296875 0.05555555555555555
11 0.1796875 0.42083333333333334 0.025 0.04861111111111111
64 0.5234375 0.4583333333333333 0.01640625 0.027777777777777776
0 0.57734375 0.4444444444444444 0.01640625 0.041666666666666664
11 0.65234375 0.4305555555555556 0.0296875 0.05555555555555555
11 0.1796875 0.42083333333333334 0.025 0.04861111111111111
64 0.5234375 0.4583333333333333 0.01640625 0.027777777777777776
