41 0.0125 0.3333333333333333 0.025 0.0375
41 0.4796875 0.3902777777777778 0.015625 0.029166666666666667
64 0.459375 0.3638888888888889 0.01640625 0.030555555555555555
81 0.01015625 0.37222222222222223 0.02109375 0.034722222222222224
41 0.0125 0.3333333333333333 0.025 0.0375
41 0.4796875 0.3902777777777778 0.015625 0.029166666666666667
64 0.459375 0.3638888888888889 0.01640625 0.030555555555555555
81 0.01015625 0.37222222222222223 0.02109375 0.034722222222222224
41 0.0125 0.3333333333333333 0.025 0.0375
41 0.4796875 0.3902777777777778 0.015625 0.029166666666666667
64 0.459375 0.3638888888888889 0.01640625 0.030555555555555555
81 0.01015625 0.37222222222222223 0.02109375 0.034722222222222224
