11 0.7046875 0.4791666666666667 0.01796875 0.043055555555555555
11 0.6703125 0.3763888888888889 0.01640625 0.06944444444444445
64 0.7265625 0.35555555555555557 0.0484375 0.09861111111111111
99 0.67578125 0.2972222222222222 0.015625 0.06944444444444445
11 0.7046875 0.4791666666666667 0.01796875 0.043055555555555555
11 0.6703125 0.3763888888888889 0.01640625 0.06944444444444445
64 0.7265625 0.35555555555555557 0.0484375 0.09861111111111111
99 0.67578125 0.2972222222222222 0.015625 0.06944444444444445
11 0.7046875 0.4791666666666667 0.01796875 0.043055555555555555
11 0.6703125 0.3763888888888889 0.01640625 0.06944444444444445
64 0.7265625 0.35555555555555557 0.0484375 0.09861111111111111
99 0.67578125 0.2972222222222222 0.015625 0.06944444444444445
