18 0.6671875 0.4222222222222222 0.02734375 0.025
11 0.665625 0.5027777777777778 0.0203125 0.043055555555555555
11 0.41328125 0.5027777777777778 0.0203125 0.03611111111111111
68 0.66640625 0.45694444444444443 0.01796875 0.04027777777777778
18 0.6671875 0.4222222222222222 0.02734375 0.025
11 0.665625 0.5027777777777778 0.0203125 0.043055555555555555
11 0.41328125 0.5027777777777778 0.0203125 0.03611111111111111
68 0.66640625 0.45694444444444443 0.01796875 0.04027777777777778
18 0.6671875 0.4222222222222222 0.02734375 0.025
11 0.665625 0.5027777777777778 0.0203125 0.043055555555555555
11 0.41328125 0.5027777777777778 0.0203125 0.03611111111111111
68 0.66640625 0.45694444444444443 0.01796875 0.04027777777777778
