16 0.24453125 0.25972222222222224 0.01328125 0.022222222222222223
16 0.31953125 0.2625 0.0125 0.02361111111111111
16 0.3890625 0.2625 0.015625 0.025
16 0.45703125 0.25833333333333336 0.0125 0.02638888888888889
16 0.24453125 0.25972222222222224 0.01328125 0.022222222222222223
16 0.31953125 0.2625 0.0125 0.02361111111111111
16 0.3890625 0.2625 0.015625 0.025
16 0.45703125 0.25833333333333336 0.0125 0.02638888888888889
16 0.24453125 0.25972222222222224 0.01328125 0.022222222222222223
16 0.31953125 0.2625 0.0125 0.02361111111111111
16 0.3890625 0.2625 0.015625 0.025
16 0.45703125 0.25833333333333336 0.0125 0.02638888888888889
