11 0.6635416666666667 0.47685185185185186 0.016666666666666666 0.028703703703703703
11 0.18229166666666666 0.4537037037037037 0.0140625 0.025925925925925925
11 0.865625 0.5101851851851852 0.011458333333333333 0.03333333333333333
38 0.5880208333333333 0.5231481481481481 0.013020833333333334 0.019444444444444445
64 0.7744791666666667 0.2037037037037037 0.046875 0.07962962962962963
81 0.5880208333333333 0.5425925925925926 0.011458333333333333 0.019444444444444445
11 0.6635416666666667 0.47685185185185186 0.016666666666666666 0.028703703703703703
11 0.18229166666666666 0.4537037037037037 0.0140625 0.025925925925925925
11 0.865625 0.5101851851851852 0.011458333333333333 0.03333333333333333
38 0.5880208333333333 0.5231481481481481 0.013020833333333334 0.019444444444444445
64 0.7744791666666667 0.2037037037037037 0.046875 0.07962962962962963
81 0.5880208333333333 0.5425925925925926 0.011458333333333333 0.019444444444444445
11 0.6635416666666667 0.47685185185185186 0.016666666666666666 0.028703703703703703
11 0.18229166666666666 0.4537037037037037 0.0140625 0.025925925925925925
11 0.865625 0.5101851851851852 0.011458333333333333 0.03333333333333333
38 0.5880208333333333 0.5231481481481481 0.013020833333333334 0.019444444444444445
64 0.7744791666666667 0.2037037037037037 0.046875 0.07962962962962963
81 0.5880208333333333 0.5425925925925926 0.011458333333333333 0.019444444444444445
