11 0.42578125 0.48194444444444445 0.0296875 0.05277777777777778
59 0.40703125 0.5125 0.02265625 0.041666666666666664
37 0.58125 0.5569444444444445 0.015625 0.027777777777777776
38 0.58046875 0.5819444444444445 0.01484375 0.02361111111111111
81 0.40859375 0.5638888888888889 0.01953125 0.034722222222222224
11 0.42578125 0.48194444444444445 0.0296875 0.05277777777777778
59 0.40703125 0.5125 0.02265625 0.041666666666666664
37 0.58125 0.5569444444444445 0.015625 0.027777777777777776
38 0.58046875 0.5819444444444445 0.01484375 0.02361111111111111
81 0.40859375 0.5638888888888889 0.01953125 0.034722222222222224
11 0.42578125 0.48194444444444445 0.0296875 0.05277777777777778
59 0.40703125 0.5125 0.02265625 0.041666666666666664
37 0.58125 0.5569444444444445 0.015625 0.027777777777777776
38 0.58046875 0.5819444444444445 0.01484375 0.02361111111111111
81 0.40859375 0.5638888888888889 0.01953125 0.034722222222222224
