16 0.76015625 0.025 0.02890625 0.05138888888888889
16 0.92578125 0.04583333333333333 0.02734375 0.044444444444444446
64 0.7625 0.4666666666666667 0.0125 0.022222222222222223
71 0.38984375 0.5055555555555555 0.0140625 0.027777777777777776
16 0.76015625 0.025 0.02890625 0.05138888888888889
16 0.92578125 0.04583333333333333 0.02734375 0.044444444444444446
64 0.7625 0.4666666666666667 0.0125 0.022222222222222223
71 0.38984375 0.5055555555555555 0.0140625 0.027777777777777776
16 0.76015625 0.025 0.02890625 0.05138888888888889
16 0.92578125 0.04583333333333333 0.02734375 0.044444444444444446
64 0.7625 0.4666666666666667 0.0125 0.022222222222222223
71 0.38984375 0.5055555555555555 0.0140625 0.027777777777777776
