11 0.6140625 0.4962962962962963 0.011979166666666667 0.021296296296296296
11 0.7630208333333334 0.4861111111111111 0.0234375 0.041666666666666664
11 0.26197916666666665 0.4787037037037037 0.0109375 0.018518518518518517
11 0.7885416666666667 0.4935185185185185 0.010416666666666666 0.03425925925925926
64 0.63125 0.36666666666666664 0.026041666666666668 0.044444444444444446
11 0.6140625 0.4962962962962963 0.011979166666666667 0.021296296296296296
11 0.7630208333333334 0.4861111111111111 0.0234375 0.041666666666666664
11 0.26197916666666665 0.4787037037037037 0.0109375 0.018518518518518517
11 0.7885416666666667 0.4935185185185185 0.010416666666666666 0.03425925925925926
64 0.63125 0.36666666666666664 0.026041666666666668 0.044444444444444446
11 0.6140625 0.4962962962962963 0.011979166666666667 0.021296296296296296
11 0.7630208333333334 0.4861111111111111 0.0234375 0.041666666666666664
11 0.26197916666666665 0.4787037037037037 0.0109375 0.018518518518518517
11 0.7885416666666667 0.4935185185185185 0.010416666666666666 0.03425925925925926
64 0.63125 0.36666666666666664 0.026041666666666668 0.044444444444444446
