11 0.5567708333333333 0.49444444444444446 0.013020833333333334 0.024074074074074074
11 0.6916666666666667 0.5194444444444445 0.017708333333333333 0.032407407407407406
11 0.7692708333333333 0.4935185185185185 0.016145833333333335 0.02962962962962963
70 0.4390625 0.4425925925925926 0.028125 0.06851851851851852
11 0.5567708333333333 0.49444444444444446 0.013020833333333334 0.024074074074074074
11 0.6916666666666667 0.5194444444444445 0.017708333333333333 0.032407407407407406
11 0.7692708333333333 0.4935185185185185 0.016145833333333335 0.02962962962962963
70 0.4390625 0.4425925925925926 0.028125 0.06851851851851852
11 0.5567708333333333 0.49444444444444446 0.013020833333333334 0.024074074074074074
11 0.6916666666666667 0.5194444444444445 0.017708333333333333 0.032407407407407406
11 0.7692708333333333 0.4935185185185185 0.016145833333333335 0.02962962962962963
70 0.4390625 0.4425925925925926 0.028125 0.06851851851851852
