11 0.3515625 0.3333333333333333 0.0265625 0.04722222222222222
11 0.7734375 0.41574074074074074 0.027083333333333334 0.04537037037037037
11 0.43333333333333335 0.42962962962962964 0.016145833333333335 0.024074074074074074
64 0.7703125 0.35462962962962963 0.03697916666666667 0.06388888888888888
11 0.3515625 0.3333333333333333 0.0265625 0.04722222222222222
11 0.7734375 0.41574074074074074 0.027083333333333334 0.04537037037037037
11 0.43333333333333335 0.42962962962962964 0.016145833333333335 0.024074074074074074
64 0.7703125 0.35462962962962963 0.03697916666666667 0.06388888888888888
11 0.3515625 0.3333333333333333 0.0265625 0.04722222222222222
11 0.7734375 0.41574074074074074 0.027083333333333334 0.04537037037037037
11 0.43333333333333335 0.42962962962962964 0.016145833333333335 0.024074074074074074
64 0.7703125 0.35462962962962963 0.03697916666666667 0.06388888888888888
