65 0.6859375 0.38981481481481484 0.04583333333333333 0.0787037037037037
74 0.684375 0.46296296296296297 0.0328125 0.05740740740740741
74 0.5494791666666666 0.5398148148148149 0.010416666666666666 0.019444444444444445
66 0.5036458333333333 0.5111111111111111 0.009375 0.014814814814814815
65 0.6859375 0.38981481481481484 0.04583333333333333 0.0787037037037037
74 0.684375 0.46296296296296297 0.0328125 0.05740740740740741
74 0.5494791666666666 0.5398148148148149 0.010416666666666666 0.019444444444444445
66 0.5036458333333333 0.5111111111111111 0.009375 0.014814814814814815
65 0.6859375 0.38981481481481484 0.04583333333333333 0.0787037037037037
74 0.684375 0.46296296296296297 0.0328125 0.05740740740740741
74 0.5494791666666666 0.5398148148148149 0.010416666666666666 0.019444444444444445
66 0.5036458333333333 0.5111111111111111 0.009375 0.014814814814814815
