11 0.5260416666666666 0.4722222222222222 0.0109375 0.019444444444444445
11 0.4265625 0.4842592592592593 0.0109375 0.018518518518518517
11 0.8567708333333334 0.3648148148148148 0.015104166666666667 0.05185185185185185
99 0.6083333333333333 0.4361111111111111 0.022916666666666665 0.04259259259259259
11 0.5260416666666666 0.4722222222222222 0.0109375 0.019444444444444445
11 0.4265625 0.4842592592592593 0.0109375 0.018518518518518517
11 0.8567708333333334 0.3648148148148148 0.015104166666666667 0.05185185185185185
99 0.6083333333333333 0.4361111111111111 0.022916666666666665 0.04259259259259259
11 0.5260416666666666 0.4722222222222222 0.0109375 0.019444444444444445
11 0.4265625 0.4842592592592593 0.0109375 0.018518518518518517
11 0.8567708333333334 0.3648148148148148 0.015104166666666667 0.05185185185185185
99 0.6083333333333333 0.4361111111111111 0.022916666666666665 0.04259259259259259
