19 0.76484375 0.49027777777777776 0.06015625 0.05138888888888889
16 0.5015625 0.4513888888888889 0.01484375 0.02638888888888889
16 0.43984375 0.4736111111111111 0.015625 0.02638888888888889
16 0.39609375 0.4861111111111111 0.0171875 0.027777777777777776
64 0.6640625 0.5041666666666667 0.021875 0.04027777777777778
19 0.76484375 0.49027777777777776 0.06015625 0.05138888888888889
16 0.5015625 0.4513888888888889 0.01484375 0.02638888888888889
16 0.43984375 0.4736111111111111 0.015625 0.02638888888888889
16 0.39609375 0.4861111111111111 0.0171875 0.027777777777777776
64 0.6640625 0.5041666666666667 0.021875 0.04027777777777778
19 0.76484375 0.49027777777777776 0.06015625 0.05138888888888889
16 0.5015625 0.4513888888888889 0.01484375 0.02638888888888889
16 0.43984375 0.4736111111111111 0.015625 0.02638888888888889
16 0.39609375 0.4861111111111111 0.0171875 0.027777777777777776
64 0.6640625 0.5041666666666667 0.021875 0.04027777777777778
