11 0.2598958333333333 0.3074074074074074 0.028645833333333332 0.049074074074074076
11 0.6796875 0.3592592592592593 0.0140625 0.023148148148148147
11 0.5208333333333334 0.3972222222222222 0.011979166666666667 0.024074074074074074
11 0.4552083333333333 0.4388888888888889 0.011458333333333333 0.022222222222222223
78 0.4635416666666667 0.3851851851851852 0.0125 0.021296296296296296
11 0.2598958333333333 0.3074074074074074 0.028645833333333332 0.049074074074074076
11 0.6796875 0.3592592592592593 0.0140625 0.023148148148148147
11 0.5208333333333334 0.3972222222222222 0.011979166666666667 0.024074074074074074
11 0.4552083333333333 0.4388888888888889 0.011458333333333333 0.022222222222222223
78 0.4635416666666667 0.3851851851851852 0.0125 0.021296296296296296
11 0.2598958333333333 0.3074074074074074 0.028645833333333332 0.049074074074074076
11 0.6796875 0.3592592592592593 0.0140625 0.023148148148148147
11 0.5208333333333334 0.3972222222222222 0.011979166666666667 0.024074074074074074
11 0.4552083333333333 0.4388888888888889 0.011458333333333333 0.022222222222222223
78 0.4635416666666667 0.3851851851851852 0.0125 0.021296296296296296
