11 0.5427083333333333 0.4861111111111111 0.0109375 0.019444444444444445
11 0.4609375 0.4935185185185185 0.0109375 0.018518518518518517
11 0.6911458333333333 0.43703703703703706 0.013020833333333334 0.049074074074074076
79 0.6484375 0.4203703703703704 0.027604166666666666 0.049074074074074076
99 0.5833333333333334 0.4759259259259259 0.0125 0.025
11 0.5427083333333333 0.4861111111111111 0.0109375 0.019444444444444445
11 0.4609375 0.4935185185185185 0.0109375 0.018518518518518517
11 0.6911458333333333 0.43703703703703706 0.013020833333333334 0.049074074074074076
79 0.6484375 0.4203703703703704 0.027604166666666666 0.049074074074074076
99 0.5833333333333334 0.4759259259259259 0.0125 0.025
11 0.5427083333333333 0.4861111111111111 0.0109375 0.019444444444444445
11 0.4609375 0.4935185185185185 0.0109375 0.018518518518518517
11 0.6911458333333333 0.43703703703703706 0.013020833333333334 0.049074074074074076
79 0.6484375 0.4203703703703704 0.027604166666666666 0.049074074074074076
99 0.5833333333333334 0.4759259259259259 0.0125 0.025
