4 0.6421875 0.5180555555555556 0.01953125 0.04722222222222222
16 0.36015625 0.4111111111111111 0.01875 0.034722222222222224
16 0.42890625 0.4111111111111111 0.0203125 0.034722222222222224
16 0.55625 0.38333333333333336 0.01953125 0.034722222222222224
4 0.6421875 0.5180555555555556 0.01953125 0.04722222222222222
16 0.36015625 0.4111111111111111 0.01875 0.034722222222222224
16 0.42890625 0.4111111111111111 0.0203125 0.034722222222222224
16 0.55625 0.38333333333333336 0.01953125 0.034722222222222224
4 0.6421875 0.5180555555555556 0.01953125 0.04722222222222222
16 0.36015625 0.4111111111111111 0.01875 0.034722222222222224
16 0.42890625 0.4111111111111111 0.0203125 0.034722222222222224
16 0.55625 0.38333333333333336 0.01953125 0.034722222222222224
