11 0.64140625 0.42083333333333334 0.02734375 0.05
11 0.1640625 0.45555555555555555 0.02421875 0.044444444444444446
11 0.9484375 0.2625 0.04609375 0.14444444444444443
11 0.7640625 0.40555555555555556 0.0140625 0.05138888888888889
11 0.64140625 0.42083333333333334 0.02734375 0.05
11 0.1640625 0.45555555555555555 0.02421875 0.044444444444444446
11 0.9484375 0.2625 0.04609375 0.14444444444444443
11 0.7640625 0.40555555555555556 0.0140625 0.05138888888888889
11 0.64140625 0.42083333333333334 0.02734375 0.05
11 0.1640625 0.45555555555555555 0.02421875 0.044444444444444446
11 0.9484375 0.2625 0.04609375 0.14444444444444443
11 0.7640625 0.40555555555555556 0.0140625 0.05138888888888889
