11 0.6385416666666667 0.4212962962962963 0.022916666666666665 0.03888888888888889
27 0.490625 0.5472222222222223 0.019270833333333334 0.014814814814814815
11 0.09583333333333334 0.47129629629629627 0.023958333333333335 0.040740740740740744
64 0.8458333333333333 0.5101851851851852 0.014583333333333334 0.03888888888888889
11 0.6385416666666667 0.4212962962962963 0.022916666666666665 0.03888888888888889
27 0.490625 0.5472222222222223 0.019270833333333334 0.014814814814814815
11 0.09583333333333334 0.47129629629629627 0.023958333333333335 0.040740740740740744
64 0.8458333333333333 0.5101851851851852 0.014583333333333334 0.03888888888888889
11 0.6385416666666667 0.4212962962962963 0.022916666666666665 0.03888888888888889
27 0.490625 0.5472222222222223 0.019270833333333334 0.014814814814814815
11 0.09583333333333334 0.47129629629629627 0.023958333333333335 0.040740740740740744
64 0.8458333333333333 0.5101851851851852 0.014583333333333334 0.03888888888888889
