1 0.90625 0.33425925925925926 0.05520833333333333 0.1425925925925926
38 0.5885416666666666 0.3962962962962963 0.017708333333333333 0.027777777777777776
81 0.9046875 0.16944444444444445 0.05625 0.09166666666666666
82 0.8473958333333333 0.3888888888888889 0.015104166666666667 0.044444444444444446
1 0.90625 0.33425925925925926 0.05520833333333333 0.1425925925925926
38 0.5885416666666666 0.3962962962962963 0.017708333333333333 0.027777777777777776
81 0.9046875 0.16944444444444445 0.05625 0.09166666666666666
82 0.8473958333333333 0.3888888888888889 0.015104166666666667 0.044444444444444446
1 0.90625 0.33425925925925926 0.05520833333333333 0.1425925925925926
38 0.5885416666666666 0.3962962962962963 0.017708333333333333 0.027777777777777776
81 0.9046875 0.16944444444444445 0.05625 0.09166666666666666
82 0.8473958333333333 0.3888888888888889 0.015104166666666667 0.044444444444444446
