11 0.7385416666666667 0.21388888888888888 0.034895833333333334 0.07037037037037037
11 0.565625 0.35462962962962963 0.016145833333333335 0.026851851851851852
11 0.16927083333333334 0.3907407407407407 0.015625 0.027777777777777776
11 0.0671875 0.40185185185185185 0.011979166666666667 0.026851851851851852
11 0.7161458333333334 0.2324074074074074 0.013020833333333334 0.05462962962962963
11 0.7385416666666667 0.21388888888888888 0.034895833333333334 0.07037037037037037
11 0.565625 0.35462962962962963 0.016145833333333335 0.026851851851851852
11 0.16927083333333334 0.3907407407407407 0.015625 0.027777777777777776
11 0.0671875 0.40185185185185185 0.011979166666666667 0.026851851851851852
11 0.7161458333333334 0.2324074074074074 0.013020833333333334 0.05462962962962963
11 0.7385416666666667 0.21388888888888888 0.034895833333333334 0.07037037037037037
11 0.565625 0.35462962962962963 0.016145833333333335 0.026851851851851852
11 0.16927083333333334 0.3907407407407407 0.015625 0.027777777777777776
11 0.0671875 0.40185185185185185 0.011979166666666667 0.026851851851851852
11 0.7161458333333334 0.2324074074074074 0.013020833333333334 0.05462962962962963
