41 0.63203125 0.44166666666666665 0.02890625 0.04027777777777778
67 0.65234375 0.5 0.0140625 0.02638888888888889
71 0.9296875 0.4888888888888889 0.0140625 0.025
88 0.63359375 0.39305555555555555 0.03203125 0.05555555555555555
41 0.63203125 0.44166666666666665 0.02890625 0.04027777777777778
67 0.65234375 0.5 0.0140625 0.02638888888888889
71 0.9296875 0.4888888888888889 0.0140625 0.025
88 0.63359375 0.39305555555555555 0.03203125 0.05555555555555555
41 0.63203125 0.44166666666666665 0.02890625 0.04027777777777778
67 0.65234375 0.5 0.0140625 0.02638888888888889
71 0.9296875 0.4888888888888889 0.0140625 0.025
88 0.63359375 0.39305555555555555 0.03203125 0.05555555555555555
