12 0.7145833333333333 0.35462962962962963 0.03229166666666667 0.05740740740740741
12 0.3098958333333333 0.40370370370370373 0.023958333333333335 0.040740740740740744
11 0.434375 0.4527777777777778 0.0125 0.020370370370370372
11 0.5802083333333333 0.44814814814814813 0.014583333333333334 0.023148148148148147
12 0.7145833333333333 0.35462962962962963 0.03229166666666667 0.05740740740740741
12 0.3098958333333333 0.40370370370370373 0.023958333333333335 0.040740740740740744
11 0.434375 0.4527777777777778 0.0125 0.020370370370370372
11 0.5802083333333333 0.44814814814814813 0.014583333333333334 0.023148148148148147
12 0.7145833333333333 0.35462962962962963 0.03229166666666667 0.05740740740740741
12 0.3098958333333333 0.40370370370370373 0.023958333333333335 0.040740740740740744
11 0.434375 0.4527777777777778 0.0125 0.020370370370370372
11 0.5802083333333333 0.44814814814814813 0.014583333333333334 0.023148148148148147
