16 0.06171875 0.18333333333333332 0.01953125 0.030555555555555555
16 0.14375 0.18055555555555555 0.015625 0.027777777777777776
16 0.2328125 0.175 0.0171875 0.030555555555555555
16 0.31484375 0.16805555555555557 0.0171875 0.029166666666666667
16 0.4046875 0.15694444444444444 0.01796875 0.02638888888888889
16 0.4890625 0.14444444444444443 0.015625 0.02638888888888889
67 0.95390625 0.4152777777777778 0.01484375 0.043055555555555555
16 0.06171875 0.18333333333333332 0.01953125 0.030555555555555555
16 0.14375 0.18055555555555555 0.015625 0.027777777777777776
16 0.2328125 0.175 0.0171875 0.030555555555555555
16 0.31484375 0.16805555555555557 0.0171875 0.029166666666666667
16 0.4046875 0.15694444444444444 0.01796875 0.02638888888888889
16 0.4890625 0.14444444444444443 0.015625 0.02638888888888889
67 0.95390625 0.4152777777777778 0.01484375 0.043055555555555555
16 0.06171875 0.18333333333333332 0.01953125 0.030555555555555555
16 0.14375 0.18055555555555555 0.015625 0.027777777777777776
16 0.2328125 0.175 0.0171875 0.030555555555555555
16 0.31484375 0.16805555555555557 0.0171875 0.029166666666666667
16 0.4046875 0.15694444444444444 0.01796875 0.02638888888888889
16 0.4890625 0.14444444444444443 0.015625 0.02638888888888889
67 0.95390625 0.4152777777777778 0.01484375 0.043055555555555555
