11 0.9760416666666667 0.39537037037037037 0.03125 0.05740740740740741
11 0.23541666666666666 0.33796296296296297 0.0328125 0.05462962962962963
35 0.275 0.3990740740740741 0.0140625 0.025
35 0.6171875 0.44814814814814813 0.0109375 0.020370370370370372
64 0.6151041666666667 0.425 0.0125 0.025925925925925925
11 0.9760416666666667 0.39537037037037037 0.03125 0.05740740740740741
11 0.23541666666666666 0.33796296296296297 0.0328125 0.05462962962962963
35 0.275 0.3990740740740741 0.0140625 0.025
35 0.6171875 0.44814814814814813 0.0109375 0.020370370370370372
64 0.6151041666666667 0.425 0.0125 0.025925925925925925
11 0.9760416666666667 0.39537037037037037 0.03125 0.05740740740740741
11 0.23541666666666666 0.33796296296296297 0.0328125 0.05462962962962963
35 0.275 0.3990740740740741 0.0140625 0.025
35 0.6171875 0.44814814814814813 0.0109375 0.020370370370370372
64 0.6151041666666667 0.425 0.0125 0.025925925925925925
