7 0.55859375 0.5222222222222223 0.01953125 0.04861111111111111
20 0.30390625 0.4125 0.01953125 0.03333333333333333
16 0.37734375 0.4013888888888889 0.0203125 0.03611111111111111
29 0.54296875 0.5458333333333333 0.02109375 0.02638888888888889
7 0.55859375 0.5222222222222223 0.01953125 0.04861111111111111
20 0.30390625 0.4125 0.01953125 0.03333333333333333
16 0.37734375 0.4013888888888889 0.0203125 0.03611111111111111
29 0.54296875 0.5458333333333333 0.02109375 0.02638888888888889
7 0.55859375 0.5222222222222223 0.01953125 0.04861111111111111
20 0.30390625 0.4125 0.01953125 0.03333333333333333
16 0.37734375 0.4013888888888889 0.0203125 0.03611111111111111
29 0.54296875 0.5458333333333333 0.02109375 0.02638888888888889
