0 0.97109375 0.39444444444444443 0.05625 0.14027777777777778
11 0.8015625 0.5611111111111111 0.0203125 0.0375
11 0.36875 0.5277777777777778 0.01875 0.034722222222222224
64 0.803125 0.4847222222222222 0.021875 0.04027777777777778
0 0.97109375 0.39444444444444443 0.05625 0.14027777777777778
11 0.8015625 0.5611111111111111 0.0203125 0.0375
11 0.36875 0.5277777777777778 0.01875 0.034722222222222224
64 0.803125 0.4847222222222222 0.021875 0.04027777777777778
0 0.97109375 0.39444444444444443 0.05625 0.14027777777777778
11 0.8015625 0.5611111111111111 0.0203125 0.0375
11 0.36875 0.5277777777777778 0.01875 0.034722222222222224
64 0.803125 0.4847222222222222 0.021875 0.04027777777777778
