21 0.809375 0.20416666666666666 0.08984375 0.058333333333333334
20 0.409375 0.5055555555555555 0.0125 0.02361111111111111
64 0.80390625 0.3055555555555556 0.0796875 0.1375
71 0.45390625 0.5013888888888889 0.0140625 0.025
78 0.74453125 0.49583333333333335 0.01796875 0.03194444444444444
21 0.809375 0.20416666666666666 0.08984375 0.058333333333333334
20 0.409375 0.5055555555555555 0.0125 0.02361111111111111
64 0.80390625 0.3055555555555556 0.0796875 0.1375
71 0.45390625 0.5013888888888889 0.0140625 0.025
78 0.74453125 0.49583333333333335 0.01796875 0.03194444444444444
21 0.809375 0.20416666666666666 0.08984375 0.058333333333333334
20 0.409375 0.5055555555555555 0.0125 0.02361111111111111
64 0.80390625 0.3055555555555556 0.0796875 0.1375
71 0.45390625 0.5013888888888889 0.0140625 0.025
78 0.74453125 0.49583333333333335 0.01796875 0.03194444444444444
