37 0.3223958333333333 0.4935185185185185 0.0109375 0.016666666666666666
81 0.13541666666666666 0.487962962962963 0.019270833333333334 0.03611111111111111
81 0.7708333333333334 0.4222222222222222 0.0203125 0.03888888888888889
80 0.3223958333333333 0.5083333333333333 0.010416666666666666 0.01574074074074074
37 0.3223958333333333 0.4935185185185185 0.0109375 0.016666666666666666
81 0.13541666666666666 0.487962962962963 0.019270833333333334 0.03611111111111111
81 0.7708333333333334 0.4222222222222222 0.0203125 0.03888888888888889
80 0.3223958333333333 0.5083333333333333 0.010416666666666666 0.01574074074074074
37 0.3223958333333333 0.4935185185185185 0.0109375 0.016666666666666666
81 0.13541666666666666 0.487962962962963 0.019270833333333334 0.03611111111111111
81 0.7708333333333334 0.4222222222222222 0.0203125 0.03888888888888889
80 0.3223958333333333 0.5083333333333333 0.010416666666666666 0.01574074074074074
