11 0.95546875 0.46944444444444444 0.04296875 0.06944444444444445
11 0.609375 0.4652777777777778 0.02265625 0.03888888888888889
11 0.31484375 0.4638888888888889 0.02265625 0.041666666666666664
12 0.534375 0.4888888888888889 0.01328125 0.025
11 0.95546875 0.46944444444444444 0.04296875 0.06944444444444445
11 0.609375 0.4652777777777778 0.02265625 0.03888888888888889
11 0.31484375 0.4638888888888889 0.02265625 0.041666666666666664
12 0.534375 0.4888888888888889 0.01328125 0.025
11 0.95546875 0.46944444444444444 0.04296875 0.06944444444444445
11 0.609375 0.4652777777777778 0.02265625 0.03888888888888889
11 0.31484375 0.4638888888888889 0.02265625 0.041666666666666664
12 0.534375 0.4888888888888889 0.01328125 0.025
