11 0.7098958333333333 0.23796296296296296 0.03177083333333333 0.058333333333333334
11 0.5583333333333333 0.3611111111111111 0.016145833333333335 0.026851851851851852
11 0.17760416666666667 0.39444444444444443 0.015625 0.027777777777777776
11 0.08229166666666667 0.40555555555555556 0.011979166666666667 0.026851851851851852
11 0.7098958333333333 0.23796296296296296 0.03177083333333333 0.058333333333333334
11 0.5583333333333333 0.3611111111111111 0.016145833333333335 0.026851851851851852
11 0.17760416666666667 0.39444444444444443 0.015625 0.027777777777777776
11 0.08229166666666667 0.40555555555555556 0.011979166666666667 0.026851851851851852
11 0.7098958333333333 0.23796296296296296 0.03177083333333333 0.058333333333333334
11 0.5583333333333333 0.3611111111111111 0.016145833333333335 0.026851851851851852
11 0.17760416666666667 0.39444444444444443 0.015625 0.027777777777777776
11 0.08229166666666667 0.40555555555555556 0.011979166666666667 0.026851851851851852
