16 0.115625 0.13055555555555556 0.02578125 0.044444444444444446
16 0.28125 0.17222222222222222 0.02578125 0.04861111111111111
16 0.39765625 0.1875 0.02265625 0.041666666666666664
11 0.43359375 0.4361111111111111 0.0140625 0.025
16 0.115625 0.13055555555555556 0.02578125 0.044444444444444446
16 0.28125 0.17222222222222222 0.02578125 0.04861111111111111
16 0.39765625 0.1875 0.02265625 0.041666666666666664
11 0.43359375 0.4361111111111111 0.0140625 0.025
16 0.115625 0.13055555555555556 0.02578125 0.044444444444444446
16 0.28125 0.17222222222222222 0.02578125 0.04861111111111111
16 0.39765625 0.1875 0.02265625 0.041666666666666664
11 0.43359375 0.4361111111111111 0.0140625 0.025
