3 0.740625 0.36666666666666664 0.01875 0.04351851851851852
0 0.240625 0.46574074074074073 0.008333333333333333 0.024074074074074074
11 0.5703125 0.4546296296296296 0.010416666666666666 0.018518518518518517
37 0.646875 0.41574074074074074 0.013020833333333334 0.021296296296296296
81 0.8973958333333333 0.3388888888888889 0.028645833333333332 0.046296296296296294
80 0.6473958333333333 0.43703703703703706 0.013020833333333334 0.021296296296296296
3 0.740625 0.36666666666666664 0.01875 0.04351851851851852
0 0.240625 0.46574074074074073 0.008333333333333333 0.024074074074074074
11 0.5703125 0.4546296296296296 0.010416666666666666 0.018518518518518517
37 0.646875 0.41574074074074074 0.013020833333333334 0.021296296296296296
81 0.8973958333333333 0.3388888888888889 0.028645833333333332 0.046296296296296294
80 0.6473958333333333 0.43703703703703706 0.013020833333333334 0.021296296296296296
3 0.740625 0.36666666666666664 0.01875 0.04351851851851852
0 0.240625 0.46574074074074073 0.008333333333333333 0.024074074074074074
11 0.5703125 0.4546296296296296 0.010416666666666666 0.018518518518518517
37 0.646875 0.41574074074074074 0.013020833333333334 0.021296296296296296
81 0.8973958333333333 0.3388888888888889 0.028645833333333332 0.046296296296296294
80 0.6473958333333333 0.43703703703703706 0.013020833333333334 0.021296296296296296
