11 0.83125 0.3972222222222222 0.05859375 0.10416666666666667
11 0.9828125 0.2625 0.03203125 0.12361111111111112
64 0.83515625 0.2916666666666667 0.053125 0.10416666666666667
81 0.5265625 0.4388888888888889 0.01796875 0.03194444444444444
79 0.490625 0.44166666666666665 0.0171875 0.029166666666666667
11 0.83125 0.3972222222222222 0.05859375 0.10416666666666667
11 0.9828125 0.2625 0.03203125 0.12361111111111112
64 0.83515625 0.2916666666666667 0.053125 0.10416666666666667
81 0.5265625 0.4388888888888889 0.01796875 0.03194444444444444
79 0.490625 0.44166666666666665 0.0171875 0.029166666666666667
11 0.83125 0.3972222222222222 0.05859375 0.10416666666666667
11 0.9828125 0.2625 0.03203125 0.12361111111111112
64 0.83515625 0.2916666666666667 0.053125 0.10416666666666667
81 0.5265625 0.4388888888888889 0.01796875 0.03194444444444444
79 0.490625 0.44166666666666665 0.0171875 0.029166666666666667
