4 0.5796875 0.5291666666666667 0.015625 0.0375
15 0.57734375 0.48194444444444445 0.01484375 0.027777777777777776
16 0.525 0.3902777777777778 0.0140625 0.025
16 0.4296875 0.4361111111111111 0.01328125 0.02361111111111111
16 0.35859375 0.45 0.01328125 0.02361111111111111
16 0.3109375 0.45 0.0125 0.02361111111111111
4 0.5796875 0.5291666666666667 0.015625 0.0375
15 0.57734375 0.48194444444444445 0.01484375 0.027777777777777776
16 0.525 0.3902777777777778 0.0140625 0.025
16 0.4296875 0.4361111111111111 0.01328125 0.02361111111111111
16 0.35859375 0.45 0.01328125 0.02361111111111111
16 0.3109375 0.45 0.0125 0.02361111111111111
4 0.5796875 0.5291666666666667 0.015625 0.0375
15 0.57734375 0.48194444444444445 0.01484375 0.027777777777777776
16 0.525 0.3902777777777778 0.0140625 0.025
16 0.4296875 0.4361111111111111 0.01328125 0.02361111111111111
16 0.35859375 0.45 0.01328125 0.02361111111111111
16 0.3109375 0.45 0.0125 0.02361111111111111
