37 0.5411458333333333 0.48703703703703705 0.0125 0.023148148148148147
37 0.21822916666666667 0.5 0.0140625 0.022222222222222223
81 0.775 0.36574074074074076 0.058854166666666666 0.10462962962962963
80 0.5411458333333333 0.5092592592592593 0.013020833333333334 0.021296296296296296
80 0.21979166666666666 0.5203703703703704 0.013541666666666667 0.021296296296296296
37 0.5411458333333333 0.48703703703703705 0.0125 0.023148148148148147
37 0.21822916666666667 0.5 0.0140625 0.022222222222222223
81 0.775 0.36574074074074076 0.058854166666666666 0.10462962962962963
80 0.5411458333333333 0.5092592592592593 0.013020833333333334 0.021296296296296296
80 0.21979166666666666 0.5203703703703704 0.013541666666666667 0.021296296296296296
37 0.5411458333333333 0.48703703703703705 0.0125 0.023148148148148147
37 0.21822916666666667 0.5 0.0140625 0.022222222222222223
81 0.775 0.36574074074074076 0.058854166666666666 0.10462962962962963
80 0.5411458333333333 0.5092592592592593 0.013020833333333334 0.021296296296296296
80 0.21979166666666666 0.5203703703703704 0.013541666666666667 0.021296296296296296
