0 0.7609375 0.46944444444444444 0.015625 0.03888888888888889
11 0.7609375 0.5166666666666667 0.02421875 0.041666666666666664
11 0.4546875 0.5652777777777778 0.01640625 0.030555555555555555
97 0.759375 0.4236111111111111 0.01875 0.03194444444444444
0 0.7609375 0.46944444444444444 0.015625 0.03888888888888889
11 0.7609375 0.5166666666666667 0.02421875 0.041666666666666664
11 0.4546875 0.5652777777777778 0.01640625 0.030555555555555555
97 0.759375 0.4236111111111111 0.01875 0.03194444444444444
0 0.7609375 0.46944444444444444 0.015625 0.03888888888888889
11 0.7609375 0.5166666666666667 0.02421875 0.041666666666666664
11 0.4546875 0.5652777777777778 0.01640625 0.030555555555555555
97 0.759375 0.4236111111111111 0.01875 0.03194444444444444
