12 0.65 0.4 0.023958333333333335 0.04537037037037037
12 0.3489583333333333 0.4361111111111111 0.01875 0.03425925925925926
11 0.43854166666666666 0.4675925925925926 0.010416666666666666 0.019444444444444445
11 0.5666666666666667 0.462037037037037 0.0125 0.023148148148148147
12 0.65 0.4 0.023958333333333335 0.04537037037037037
12 0.3489583333333333 0.4361111111111111 0.01875 0.03425925925925926
11 0.43854166666666666 0.4675925925925926 0.010416666666666666 0.019444444444444445
11 0.5666666666666667 0.462037037037037 0.0125 0.023148148148148147
12 0.65 0.4 0.023958333333333335 0.04537037037037037
12 0.3489583333333333 0.4361111111111111 0.01875 0.03425925925925926
11 0.43854166666666666 0.4675925925925926 0.010416666666666666 0.019444444444444445
11 0.5666666666666667 0.462037037037037 0.0125 0.023148148148148147
