16 0.315625 0.2625 0.0140625 0.029166666666666667
16 0.3921875 0.25972222222222224 0.015625 0.030555555555555555
16 0.46328125 0.25277777777777777 0.01640625 0.029166666666666667
16 0.55546875 0.24166666666666667 0.0171875 0.025
16 0.6625 0.22777777777777777 0.015625 0.027777777777777776
16 0.315625 0.2625 0.0140625 0.029166666666666667
16 0.3921875 0.25972222222222224 0.015625 0.030555555555555555
16 0.46328125 0.25277777777777777 0.01640625 0.029166666666666667
16 0.55546875 0.24166666666666667 0.0171875 0.025
16 0.6625 0.22777777777777777 0.015625 0.027777777777777776
16 0.315625 0.2625 0.0140625 0.029166666666666667
16 0.3921875 0.25972222222222224 0.015625 0.030555555555555555
16 0.46328125 0.25277777777777777 0.01640625 0.029166666666666667
16 0.55546875 0.24166666666666667 0.0171875 0.025
16 0.6625 0.22777777777777777 0.015625 0.027777777777777776
