47 0.54453125 0.4583333333333333 0.01328125 0.025
47 0.3 0.45694444444444443 0.01484375 0.025
98 0.54453125 0.48194444444444445 0.0140625 0.022222222222222223
96 0.54375 0.5083333333333333 0.01328125 0.02361111111111111
96 0.30234375 0.5041666666666667 0.0140625 0.025
47 0.54453125 0.4583333333333333 0.01328125 0.025
47 0.3 0.45694444444444443 0.01484375 0.025
98 0.54453125 0.48194444444444445 0.0140625 0.022222222222222223
96 0.54375 0.5083333333333333 0.01328125 0.02361111111111111
96 0.30234375 0.5041666666666667 0.0140625 0.025
47 0.54453125 0.4583333333333333 0.01328125 0.025
47 0.3 0.45694444444444443 0.01484375 0.025
98 0.54453125 0.48194444444444445 0.0140625 0.022222222222222223
96 0.54375 0.5083333333333333 0.01328125 0.02361111111111111
96 0.30234375 0.5041666666666667 0.0140625 0.025
