11 0.7489583333333333 0.42407407407407405 0.013020833333333334 0.049074074074074076
11 0.7291666666666666 0.4546296296296296 0.008333333333333333 0.03148148148148148
50 0.4354166666666667 0.3990740740740741 0.015104166666666667 0.023148148148148147
40 0.18020833333333333 0.44351851851851853 0.021875 0.03611111111111111
11 0.7489583333333333 0.42407407407407405 0.013020833333333334 0.049074074074074076
11 0.7291666666666666 0.4546296296296296 0.008333333333333333 0.03148148148148148
50 0.4354166666666667 0.3990740740740741 0.015104166666666667 0.023148148148148147
40 0.18020833333333333 0.44351851851851853 0.021875 0.03611111111111111
11 0.7489583333333333 0.42407407407407405 0.013020833333333334 0.049074074074074076
11 0.7291666666666666 0.4546296296296296 0.008333333333333333 0.03148148148148148
50 0.4354166666666667 0.3990740740740741 0.015104166666666667 0.023148148148148147
40 0.18020833333333333 0.44351851851851853 0.021875 0.03611111111111111
