12 0.07760416666666667 0.42407407407407405 0.01875 0.03888888888888889
11 0.16510416666666666 0.425 0.016145833333333335 0.03148148148148148
11 0.6328125 0.3861111111111111 0.01875 0.03425925925925926
12 0.6348958333333333 0.4222222222222222 0.019270833333333334 0.032407407407407406
12 0.07760416666666667 0.42407407407407405 0.01875 0.03888888888888889
11 0.16510416666666666 0.425 0.016145833333333335 0.03148148148148148
11 0.6328125 0.3861111111111111 0.01875 0.03425925925925926
12 0.6348958333333333 0.4222222222222222 0.019270833333333334 0.032407407407407406
12 0.07760416666666667 0.42407407407407405 0.01875 0.03888888888888889
11 0.16510416666666666 0.425 0.016145833333333335 0.03148148148148148
11 0.6328125 0.3861111111111111 0.01875 0.03425925925925926
12 0.6348958333333333 0.4222222222222222 0.019270833333333334 0.032407407407407406
