15 0.7609375 0.4652777777777778 0.015625 0.04583333333333333
40 0.36796875 0.44166666666666665 0.01328125 0.02361111111111111
71 0.35625 0.46111111111111114 0.0171875 0.030555555555555555
78 0.8296875 0.3875 0.01328125 0.022222222222222223
15 0.7609375 0.4652777777777778 0.015625 0.04583333333333333
40 0.36796875 0.44166666666666665 0.01328125 0.02361111111111111
71 0.35625 0.46111111111111114 0.0171875 0.030555555555555555
78 0.8296875 0.3875 0.01328125 0.022222222222222223
15 0.7609375 0.4652777777777778 0.015625 0.04583333333333333
40 0.36796875 0.44166666666666665 0.01328125 0.02361111111111111
71 0.35625 0.46111111111111114 0.0171875 0.030555555555555555
78 0.8296875 0.3875 0.01328125 0.022222222222222223
