0 0.6203125 0.36527777777777776 0.02890625 0.07361111111111111
0 0.5515625 0.49722222222222223 0.01328125 0.030555555555555555
41 0.49296875 0.46805555555555556 0.015625 0.025
56 0.4921875 0.49583333333333335 0.01484375 0.022222222222222223
41 0.11171875 0.4486111111111111 0.01328125 0.022222222222222223
45 0.11171875 0.47638888888888886 0.01640625 0.027777777777777776
81 0.4921875 0.5194444444444445 0.0125 0.022222222222222223
81 0.1125 0.5041666666666667 0.0140625 0.025
0 0.6203125 0.36527777777777776 0.02890625 0.07361111111111111
0 0.5515625 0.49722222222222223 0.01328125 0.030555555555555555
41 0.49296875 0.46805555555555556 0.015625 0.025
56 0.4921875 0.49583333333333335 0.01484375 0.022222222222222223
41 0.11171875 0.4486111111111111 0.01328125 0.022222222222222223
45 0.11171875 0.47638888888888886 0.01640625 0.027777777777777776
81 0.4921875 0.5194444444444445 0.0125 0.022222222222222223
81 0.1125 0.5041666666666667 0.0140625 0.025
0 0.6203125 0.36527777777777776 0.02890625 0.07361111111111111
0 0.5515625 0.49722222222222223 0.01328125 0.030555555555555555
41 0.49296875 0.46805555555555556 0.015625 0.025
56 0.4921875 0.49583333333333335 0.01484375 0.022222222222222223
41 0.11171875 0.4486111111111111 0.01328125 0.022222222222222223
45 0.11171875 0.47638888888888886 0.01640625 0.027777777777777776
81 0.4921875 0.5194444444444445 0.0125 0.022222222222222223
81 0.1125 0.5041666666666667 0.0140625 0.025
