16 0.26015625 0.34444444444444444 0.01484375 0.025
16 0.3265625 0.3527777777777778 0.01640625 0.025
16 0.39765625 0.35694444444444445 0.0171875 0.02638888888888889
16 0.459375 0.3611111111111111 0.01640625 0.027777777777777776
16 0.5953125 0.3541666666666667 0.0171875 0.030555555555555555
64 0.56953125 0.4777777777777778 0.01484375 0.025
16 0.26015625 0.34444444444444444 0.01484375 0.025
16 0.3265625 0.3527777777777778 0.01640625 0.025
16 0.39765625 0.35694444444444445 0.0171875 0.02638888888888889
16 0.459375 0.3611111111111111 0.01640625 0.027777777777777776
16 0.5953125 0.3541666666666667 0.0171875 0.030555555555555555
64 0.56953125 0.4777777777777778 0.01484375 0.025
16 0.26015625 0.34444444444444444 0.01484375 0.025
16 0.3265625 0.3527777777777778 0.01640625 0.025
16 0.39765625 0.35694444444444445 0.0171875 0.02638888888888889
16 0.459375 0.3611111111111111 0.01640625 0.027777777777777776
16 0.5953125 0.3541666666666667 0.0171875 0.030555555555555555
64 0.56953125 0.4777777777777778 0.01484375 0.025
