16 0.4140625 0.34305555555555556 0.0171875 0.0375
16 0.48984375 0.34305555555555556 0.01953125 0.034722222222222224
16 0.57890625 0.325 0.01640625 0.034722222222222224
16 0.64453125 0.30277777777777776 0.0203125 0.03611111111111111
16 0.4140625 0.34305555555555556 0.0171875 0.0375
16 0.48984375 0.34305555555555556 0.01953125 0.034722222222222224
16 0.57890625 0.325 0.01640625 0.034722222222222224
16 0.64453125 0.30277777777777776 0.0203125 0.03611111111111111
16 0.4140625 0.34305555555555556 0.0171875 0.0375
16 0.48984375 0.34305555555555556 0.01953125 0.034722222222222224
16 0.57890625 0.325 0.01640625 0.034722222222222224
16 0.64453125 0.30277777777777776 0.0203125 0.03611111111111111
