0 0.640625 0.49027777777777776 0.01796875 0.044444444444444446
11 0.2953125 0.5222222222222223 0.0234375 0.043055555555555555
11 0.5859375 0.5402777777777777 0.02578125 0.044444444444444446
23 0.640625 0.4513888888888889 0.01875 0.0375
0 0.640625 0.49027777777777776 0.01796875 0.044444444444444446
11 0.2953125 0.5222222222222223 0.0234375 0.043055555555555555
11 0.5859375 0.5402777777777777 0.02578125 0.044444444444444446
23 0.640625 0.4513888888888889 0.01875 0.0375
0 0.640625 0.49027777777777776 0.01796875 0.044444444444444446
11 0.2953125 0.5222222222222223 0.0234375 0.043055555555555555
11 0.5859375 0.5402777777777777 0.02578125 0.044444444444444446
23 0.640625 0.4513888888888889 0.01875 0.0375
