0 0.72109375 0.44027777777777777 0.02109375 0.05416666666666667
13 0.5890625 0.46944444444444444 0.01640625 0.03194444444444444
56 0.5890625 0.5027777777777778 0.01796875 0.030555555555555555
41 0.525 0.5611111111111111 0.015625 0.02638888888888889
67 0.93515625 0.3972222222222222 0.03359375 0.07777777777777778
69 0.509375 0.5611111111111111 0.0140625 0.02638888888888889
79 0.5828125 0.4861111111111111 0.01484375 0.027777777777777776
0 0.72109375 0.44027777777777777 0.02109375 0.05416666666666667
13 0.5890625 0.46944444444444444 0.01640625 0.03194444444444444
56 0.5890625 0.5027777777777778 0.01796875 0.030555555555555555
41 0.525 0.5611111111111111 0.015625 0.02638888888888889
67 0.93515625 0.3972222222222222 0.03359375 0.07777777777777778
69 0.509375 0.5611111111111111 0.0140625 0.02638888888888889
79 0.5828125 0.4861111111111111 0.01484375 0.027777777777777776
0 0.72109375 0.44027777777777777 0.02109375 0.05416666666666667
13 0.5890625 0.46944444444444444 0.01640625 0.03194444444444444
56 0.5890625 0.5027777777777778 0.01796875 0.030555555555555555
41 0.525 0.5611111111111111 0.015625 0.02638888888888889
67 0.93515625 0.3972222222222222 0.03359375 0.07777777777777778
69 0.509375 0.5611111111111111 0.0140625 0.02638888888888889
79 0.5828125 0.4861111111111111 0.01484375 0.027777777777777776
