11 0.4578125 0.4787037037037037 0.009375 0.01574074074074074
17 0.21822916666666667 0.46944444444444444 0.0125 0.023148148148148147
11 0.2875 0.5018518518518519 0.009375 0.01574074074074074
65 0.46979166666666666 0.46296296296296297 0.011979166666666667 0.020370370370370372
11 0.4578125 0.4787037037037037 0.009375 0.01574074074074074
17 0.21822916666666667 0.46944444444444444 0.0125 0.023148148148148147
11 0.2875 0.5018518518518519 0.009375 0.01574074074074074
65 0.46979166666666666 0.46296296296296297 0.011979166666666667 0.020370370370370372
11 0.4578125 0.4787037037037037 0.009375 0.01574074074074074
17 0.21822916666666667 0.46944444444444444 0.0125 0.023148148148148147
11 0.2875 0.5018518518518519 0.009375 0.01574074074074074
65 0.46979166666666666 0.46296296296296297 0.011979166666666667 0.020370370370370372
