0 0.2328125 0.5847222222222223 0.0140625 0.03194444444444444
11 0.49140625 0.5791666666666667 0.01484375 0.02638888888888889
11 0.24765625 0.6 0.01484375 0.02638888888888889
41 0.615625 0.5611111111111111 0.040625 0.059722222222222225
41 0.49296875 0.6152777777777778 0.015625 0.025
81 0.6171875 0.5069444444444444 0.0328125 0.058333333333333334
0 0.2328125 0.5847222222222223 0.0140625 0.03194444444444444
11 0.49140625 0.5791666666666667 0.01484375 0.02638888888888889
11 0.24765625 0.6 0.01484375 0.02638888888888889
41 0.615625 0.5611111111111111 0.040625 0.059722222222222225
41 0.49296875 0.6152777777777778 0.015625 0.025
81 0.6171875 0.5069444444444444 0.0328125 0.058333333333333334
0 0.2328125 0.5847222222222223 0.0140625 0.03194444444444444
11 0.49140625 0.5791666666666667 0.01484375 0.02638888888888889
11 0.24765625 0.6 0.01484375 0.02638888888888889
41 0.615625 0.5611111111111111 0.040625 0.059722222222222225
41 0.49296875 0.6152777777777778 0.015625 0.025
81 0.6171875 0.5069444444444444 0.0328125 0.058333333333333334
