15 0.63984375 0.4875 0.021875 0.04027777777777778
69 0.640625 0.6041666666666666 0.05 0.08333333333333333
81 0.7125 0.6055555555555555 0.0328125 0.059722222222222225
81 0.7453125 0.6180555555555556 0.025 0.04722222222222222
15 0.63984375 0.4875 0.021875 0.04027777777777778
69 0.640625 0.6041666666666666 0.05 0.08333333333333333
81 0.7125 0.6055555555555555 0.0328125 0.059722222222222225
81 0.7453125 0.6180555555555556 0.025 0.04722222222222222
15 0.63984375 0.4875 0.021875 0.04027777777777778
69 0.640625 0.6041666666666666 0.05 0.08333333333333333
81 0.7125 0.6055555555555555 0.0328125 0.059722222222222225
81 0.7453125 0.6180555555555556 0.025 0.04722222222222222
