11 0.64921875 0.4930555555555556 0.0171875 0.030555555555555555
16 0.521875 0.40555555555555556 0.015625 0.02638888888888889
16 0.44765625 0.41388888888888886 0.015625 0.027777777777777776
16 0.359375 0.4166666666666667 0.015625 0.027777777777777776
11 0.64921875 0.4930555555555556 0.0171875 0.030555555555555555
16 0.521875 0.40555555555555556 0.015625 0.02638888888888889
16 0.44765625 0.41388888888888886 0.015625 0.027777777777777776
16 0.359375 0.4166666666666667 0.015625 0.027777777777777776
11 0.64921875 0.4930555555555556 0.0171875 0.030555555555555555
16 0.521875 0.40555555555555556 0.015625 0.02638888888888889
16 0.44765625 0.41388888888888886 0.015625 0.027777777777777776
16 0.359375 0.4166666666666667 0.015625 0.027777777777777776
