0 0.87109375 0.3 0.03515625 0.09166666666666666
11 0.559375 0.5166666666666667 0.0140625 0.02638888888888889
49 0.55859375 0.49166666666666664 0.01484375 0.02638888888888889
40 0.5609375 0.5444444444444444 0.01484375 0.025
0 0.87109375 0.3 0.03515625 0.09166666666666666
11 0.559375 0.5166666666666667 0.0140625 0.02638888888888889
49 0.55859375 0.49166666666666664 0.01484375 0.02638888888888889
40 0.5609375 0.5444444444444444 0.01484375 0.025
0 0.87109375 0.3 0.03515625 0.09166666666666666
11 0.559375 0.5166666666666667 0.0140625 0.02638888888888889
49 0.55859375 0.49166666666666664 0.01484375 0.02638888888888889
40 0.5609375 0.5444444444444444 0.01484375 0.025
