11 0.68203125 0.46944444444444444 0.03359375 0.05416666666666667
17 0.68046875 0.5305555555555556 0.03359375 0.058333333333333334
11 0.23984375 0.4722222222222222 0.0171875 0.03888888888888889
64 0.68125 0.4 0.0453125 0.07777777777777778
11 0.68203125 0.46944444444444444 0.03359375 0.05416666666666667
17 0.68046875 0.5305555555555556 0.03359375 0.058333333333333334
11 0.23984375 0.4722222222222222 0.0171875 0.03888888888888889
64 0.68125 0.4 0.0453125 0.07777777777777778
11 0.68203125 0.46944444444444444 0.03359375 0.05416666666666667
17 0.68046875 0.5305555555555556 0.03359375 0.058333333333333334
11 0.23984375 0.4722222222222222 0.0171875 0.03888888888888889
64 0.68125 0.4 0.0453125 0.07777777777777778
