12 0.5171875 0.5009259259259259 0.013020833333333334 0.024074074074074074
11 0.4765625 0.5435185185185185 0.009895833333333333 0.020370370370370372
11 0.36041666666666666 0.5518518518518518 0.008854166666666666 0.017592592592592594
38 0.609375 0.1425925925925926 0.06875 0.10462962962962963
81 0.5171875 0.5268518518518519 0.013020833333333334 0.023148148148148147
12 0.5171875 0.5009259259259259 0.013020833333333334 0.024074074074074074
11 0.4765625 0.5435185185185185 0.009895833333333333 0.020370370370370372
11 0.36041666666666666 0.5518518518518518 0.008854166666666666 0.017592592592592594
38 0.609375 0.1425925925925926 0.06875 0.10462962962962963
81 0.5171875 0.5268518518518519 0.013020833333333334 0.023148148148148147
12 0.5171875 0.5009259259259259 0.013020833333333334 0.024074074074074074
11 0.4765625 0.5435185185185185 0.009895833333333333 0.020370370370370372
11 0.36041666666666666 0.5518518518518518 0.008854166666666666 0.017592592592592594
38 0.609375 0.1425925925925926 0.06875 0.10462962962962963
81 0.5171875 0.5268518518518519 0.013020833333333334 0.023148148148148147
