55 0.52890625 0.5013888888888889 0.0125 0.022222222222222223
98 0.81328125 0.39861111111111114 0.02890625 0.058333333333333334
81 0.5234375 0.4777777777777778 0.01328125 0.02361111111111111
98 0.51640625 0.49583333333333335 0.0125 0.02361111111111111
55 0.52890625 0.5013888888888889 0.0125 0.022222222222222223
98 0.81328125 0.39861111111111114 0.02890625 0.058333333333333334
81 0.5234375 0.4777777777777778 0.01328125 0.02361111111111111
98 0.51640625 0.49583333333333335 0.0125 0.02361111111111111
55 0.52890625 0.5013888888888889 0.0125 0.022222222222222223
98 0.81328125 0.39861111111111114 0.02890625 0.058333333333333334
81 0.5234375 0.4777777777777778 0.01328125 0.02361111111111111
98 0.51640625 0.49583333333333335 0.0125 0.02361111111111111
