11 0.049479166666666664 0.45925925925925926 0.019270833333333334 0.03333333333333333
11 0.5729166666666666 0.4527777777777778 0.0203125 0.040740740740740744
12 0.5713541666666667 0.4935185185185185 0.021354166666666667 0.03888888888888889
53 0.5541666666666667 0.4361111111111111 0.013541666666666667 0.03148148148148148
11 0.049479166666666664 0.45925925925925926 0.019270833333333334 0.03333333333333333
11 0.5729166666666666 0.4527777777777778 0.0203125 0.040740740740740744
12 0.5713541666666667 0.4935185185185185 0.021354166666666667 0.03888888888888889
53 0.5541666666666667 0.4361111111111111 0.013541666666666667 0.03148148148148148
11 0.049479166666666664 0.45925925925925926 0.019270833333333334 0.03333333333333333
11 0.5729166666666666 0.4527777777777778 0.0203125 0.040740740740740744
12 0.5713541666666667 0.4935185185185185 0.021354166666666667 0.03888888888888889
53 0.5541666666666667 0.4361111111111111 0.013541666666666667 0.03148148148148148
