11 0.5645833333333333 0.48148148148148145 0.011979166666666667 0.019444444444444445
11 0.303125 0.5037037037037037 0.013541666666666667 0.023148148148148147
11 0.3453125 0.5074074074074074 0.009375 0.01574074074074074
87 0.5651041666666666 0.45925925925925926 0.013541666666666667 0.024074074074074074
11 0.5645833333333333 0.48148148148148145 0.011979166666666667 0.019444444444444445
11 0.303125 0.5037037037037037 0.013541666666666667 0.023148148148148147
11 0.3453125 0.5074074074074074 0.009375 0.01574074074074074
87 0.5651041666666666 0.45925925925925926 0.013541666666666667 0.024074074074074074
11 0.5645833333333333 0.48148148148148145 0.011979166666666667 0.019444444444444445
11 0.303125 0.5037037037037037 0.013541666666666667 0.023148148148148147
11 0.3453125 0.5074074074074074 0.009375 0.01574074074074074
87 0.5651041666666666 0.45925925925925926 0.013541666666666667 0.024074074074074074
