29 0.509375 0.525 0.021875 0.019444444444444445
11 0.5364583333333334 0.5185185185185185 0.0140625 0.025925925925925925
11 0.22864583333333333 0.5111111111111111 0.013541666666666667 0.025
64 0.5098958333333333 0.5 0.015104166666666667 0.026851851851851852
29 0.509375 0.525 0.021875 0.019444444444444445
11 0.5364583333333334 0.5185185185185185 0.0140625 0.025925925925925925
11 0.22864583333333333 0.5111111111111111 0.013541666666666667 0.025
64 0.5098958333333333 0.5 0.015104166666666667 0.026851851851851852
29 0.509375 0.525 0.021875 0.019444444444444445
11 0.5364583333333334 0.5185185185185185 0.0140625 0.025925925925925925
11 0.22864583333333333 0.5111111111111111 0.013541666666666667 0.025
64 0.5098958333333333 0.5 0.015104166666666667 0.026851851851851852
