16 0.4046875 0.44583333333333336 0.0140625 0.02638888888888889
16 0.4734375 0.43333333333333335 0.0140625 0.025
16 0.51796875 0.4166666666666667 0.01328125 0.025
79 0.58515625 0.5069444444444444 0.01484375 0.027777777777777776
16 0.4046875 0.44583333333333336 0.0140625 0.02638888888888889
16 0.4734375 0.43333333333333335 0.0140625 0.025
16 0.51796875 0.4166666666666667 0.01328125 0.025
79 0.58515625 0.5069444444444444 0.01484375 0.027777777777777776
16 0.4046875 0.44583333333333336 0.0140625 0.02638888888888889
16 0.4734375 0.43333333333333335 0.0140625 0.025
16 0.51796875 0.4166666666666667 0.01328125 0.025
79 0.58515625 0.5069444444444444 0.01484375 0.027777777777777776
