11 0.78125 0.3 0.05703125 0.09861111111111111
11 0.1234375 0.38333333333333336 0.028125 0.058333333333333334
11 0.440625 0.4513888888888889 0.0140625 0.027777777777777776
64 0.78203125 0.19444444444444445 0.059375 0.10416666666666667
79 0.646875 0.4791666666666667 0.0140625 0.02638888888888889
11 0.78125 0.3 0.05703125 0.09861111111111111
11 0.1234375 0.38333333333333336 0.028125 0.058333333333333334
11 0.440625 0.4513888888888889 0.0140625 0.027777777777777776
64 0.78203125 0.19444444444444445 0.059375 0.10416666666666667
79 0.646875 0.4791666666666667 0.0140625 0.02638888888888889
11 0.78125 0.3 0.05703125 0.09861111111111111
11 0.1234375 0.38333333333333336 0.028125 0.058333333333333334
11 0.440625 0.4513888888888889 0.0140625 0.027777777777777776
64 0.78203125 0.19444444444444445 0.059375 0.10416666666666667
79 0.646875 0.4791666666666667 0.0140625 0.02638888888888889
