11 0.6375 0.16574074074074074 0.042708333333333334 0.08148148148148149
11 0.5734375 0.5009259259259259 0.013541666666666667 0.025
11 0.07447916666666667 0.44351851851851853 0.009895833333333333 0.025
11 0.7421875 0.3453703703703704 0.0109375 0.05462962962962963
75 0.6369791666666667 0.07685185185185185 0.04739583333333333 0.08425925925925926
11 0.6375 0.16574074074074074 0.042708333333333334 0.08148148148148149
11 0.5734375 0.5009259259259259 0.013541666666666667 0.025
11 0.07447916666666667 0.44351851851851853 0.009895833333333333 0.025
11 0.7421875 0.3453703703703704 0.0109375 0.05462962962962963
75 0.6369791666666667 0.07685185185185185 0.04739583333333333 0.08425925925925926
11 0.6375 0.16574074074074074 0.042708333333333334 0.08148148148148149
11 0.5734375 0.5009259259259259 0.013541666666666667 0.025
11 0.07447916666666667 0.44351851851851853 0.009895833333333333 0.025
11 0.7421875 0.3453703703703704 0.0109375 0.05462962962962963
75 0.6369791666666667 0.07685185185185185 0.04739583333333333 0.08425925925925926
