11 0.53359375 0.4305555555555556 0.0140625 0.022222222222222223
12 0.534375 0.48055555555555557 0.0140625 0.022222222222222223
38 0.6109375 0.45555555555555555 0.02265625 0.034722222222222224
80 0.53359375 0.45555555555555555 0.01328125 0.02361111111111111
11 0.53359375 0.4305555555555556 0.0140625 0.022222222222222223
12 0.534375 0.48055555555555557 0.0140625 0.022222222222222223
38 0.6109375 0.45555555555555555 0.02265625 0.034722222222222224
80 0.53359375 0.45555555555555555 0.01328125 0.02361111111111111
11 0.53359375 0.4305555555555556 0.0140625 0.022222222222222223
12 0.534375 0.48055555555555557 0.0140625 0.022222222222222223
38 0.6109375 0.45555555555555555 0.02265625 0.034722222222222224
80 0.53359375 0.45555555555555555 0.01328125 0.02361111111111111
