16 0.5578125 0.36527777777777776 0.02265625 0.041666666666666664
16 0.46953125 0.3763888888888889 0.021875 0.0375
16 0.34609375 0.4027777777777778 0.0203125 0.03611111111111111
16 0.2125 0.3763888888888889 0.01953125 0.03611111111111111
16 0.13046875 0.36944444444444446 0.02109375 0.03611111111111111
16 0.01328125 0.3375 0.0203125 0.03611111111111111
17 0.56875 0.5791666666666667 0.0125 0.02361111111111111
11 0.5734375 0.5583333333333333 0.0125 0.022222222222222223
82 0.80078125 0.525 0.0203125 0.03888888888888889
16 0.5578125 0.36527777777777776 0.02265625 0.041666666666666664
16 0.46953125 0.3763888888888889 0.021875 0.0375
16 0.34609375 0.4027777777777778 0.0203125 0.03611111111111111
16 0.2125 0.3763888888888889 0.01953125 0.03611111111111111
16 0.13046875 0.36944444444444446 0.02109375 0.03611111111111111
16 0.01328125 0.3375 0.0203125 0.03611111111111111
17 0.56875 0.5791666666666667 0.0125 0.02361111111111111
11 0.5734375 0.5583333333333333 0.0125 0.022222222222222223
82 0.80078125 0.525 0.0203125 0.03888888888888889
16 0.5578125 0.36527777777777776 0.02265625 0.041666666666666664
16 0.46953125 0.3763888888888889 0.021875 0.0375
16 0.34609375 0.4027777777777778 0.0203125 0.03611111111111111
16 0.2125 0.3763888888888889 0.01953125 0.03611111111111111
16 0.13046875 0.36944444444444446 0.02109375 0.03611111111111111
16 0.01328125 0.3375 0.0203125 0.03611111111111111
17 0.56875 0.5791666666666667 0.0125 0.02361111111111111
11 0.5734375 0.5583333333333333 0.0125 0.022222222222222223
82 0.80078125 0.525 0.0203125 0.03888888888888889
