16 0.0625 0.3375 0.0140625 0.02361111111111111
16 0.14375 0.35833333333333334 0.01484375 0.02638888888888889
16 0.2109375 0.37083333333333335 0.01328125 0.02361111111111111
25 0.3296875 0.3875 0.01328125 0.02361111111111111
22 0.43828125 0.3972222222222222 0.0140625 0.025
16 0.0625 0.3375 0.0140625 0.02361111111111111
16 0.14375 0.35833333333333334 0.01484375 0.02638888888888889
16 0.2109375 0.37083333333333335 0.01328125 0.02361111111111111
25 0.3296875 0.3875 0.01328125 0.02361111111111111
22 0.43828125 0.3972222222222222 0.0140625 0.025
16 0.0625 0.3375 0.0140625 0.02361111111111111
16 0.14375 0.35833333333333334 0.01484375 0.02638888888888889
16 0.2109375 0.37083333333333335 0.01328125 0.02361111111111111
25 0.3296875 0.3875 0.01328125 0.02361111111111111
22 0.43828125 0.3972222222222222 0.0140625 0.025
