11 0.5239583333333333 0.5287037037037037 0.010416666666666666 0.01574074074074074
11 0.33697916666666666 0.5148148148148148 0.009895833333333333 0.014814814814814815
65 0.603125 0.4074074074074074 0.026041666666666668 0.046296296296296294
74 0.6020833333333333 0.45185185185185184 0.019270833333333334 0.03518518518518519
11 0.5239583333333333 0.5287037037037037 0.010416666666666666 0.01574074074074074
11 0.33697916666666666 0.5148148148148148 0.009895833333333333 0.014814814814814815
65 0.603125 0.4074074074074074 0.026041666666666668 0.046296296296296294
74 0.6020833333333333 0.45185185185185184 0.019270833333333334 0.03518518518518519
11 0.5239583333333333 0.5287037037037037 0.010416666666666666 0.01574074074074074
11 0.33697916666666666 0.5148148148148148 0.009895833333333333 0.014814814814814815
65 0.603125 0.4074074074074074 0.026041666666666668 0.046296296296296294
74 0.6020833333333333 0.45185185185185184 0.019270833333333334 0.03518518518518519
