11 0.7953125 0.1685185185185185 0.033854166666666664 0.05185185185185185
11 0.1359375 0.39351851851851855 0.0359375 0.06018518518518518
11 0.3385416666666667 0.4074074074074074 0.0125 0.024074074074074074
20 0.5890625 0.3453703703703704 0.0109375 0.023148148148148147
11 0.5901041666666667 0.37037037037037035 0.011458333333333333 0.021296296296296296
11 0.8614583333333333 0.32685185185185184 0.015104166666666667 0.04351851851851852
11 0.1921875 0.4425925925925926 0.013020833333333334 0.028703703703703703
87 0.79375 0.10925925925925926 0.03229166666666667 0.06296296296296296
99 0.859375 0.275 0.016666666666666666 0.04351851851851852
99 0.190625 0.41388888888888886 0.011979166666666667 0.024074074074074074
