11 0.4791666666666667 0.5222222222222223 0.0109375 0.020370370370370372
11 0.3614583333333333 0.5212962962962963 0.008333333333333333 0.014814814814814815
65 0.515625 0.4888888888888889 0.0265625 0.04722222222222222
87 0.4635416666666667 0.4740740740740741 0.011458333333333333 0.019444444444444445
11 0.4791666666666667 0.5222222222222223 0.0109375 0.020370370370370372
11 0.3614583333333333 0.5212962962962963 0.008333333333333333 0.014814814814814815
65 0.515625 0.4888888888888889 0.0265625 0.04722222222222222
87 0.4635416666666667 0.4740740740740741 0.011458333333333333 0.019444444444444445
11 0.4791666666666667 0.5222222222222223 0.0109375 0.020370370370370372
11 0.3614583333333333 0.5212962962962963 0.008333333333333333 0.014814814814814815
65 0.515625 0.4888888888888889 0.0265625 0.04722222222222222
87 0.4635416666666667 0.4740740740740741 0.011458333333333333 0.019444444444444445
