11 0.703125 0.362962962962963 0.03177083333333333 0.05277777777777778
27 0.49895833333333334 0.5407407407407407 0.021354166666666667 0.016666666666666666
11 0.490625 0.5222222222222223 0.008854166666666666 0.01574074074074074
64 0.9229166666666667 0.49074074074074076 0.0171875 0.05
11 0.703125 0.362962962962963 0.03177083333333333 0.05277777777777778
27 0.49895833333333334 0.5407407407407407 0.021354166666666667 0.016666666666666666
11 0.490625 0.5222222222222223 0.008854166666666666 0.01574074074074074
64 0.9229166666666667 0.49074074074074076 0.0171875 0.05
11 0.703125 0.362962962962963 0.03177083333333333 0.05277777777777778
27 0.49895833333333334 0.5407407407407407 0.021354166666666667 0.016666666666666666
11 0.490625 0.5222222222222223 0.008854166666666666 0.01574074074074074
64 0.9229166666666667 0.49074074074074076 0.0171875 0.05
