11 0.22083333333333333 0.44537037037037036 0.026041666666666668 0.049074074074074076
11 0.40260416666666665 0.5138888888888888 0.015625 0.026851851851851852
11 0.5630208333333333 0.48148148148148145 0.025 0.044444444444444446
17 0.5635416666666667 0.525 0.0203125 0.03425925925925926
11 0.14791666666666667 0.4675925925925926 0.0109375 0.03888888888888889
11 0.5484375 0.5018518518518519 0.010416666666666666 0.027777777777777776
87 0.221875 0.4009259259259259 0.020833333333333332 0.03425925925925926
87 0.5619791666666667 0.43703703703703706 0.0203125 0.03611111111111111
11 0.22083333333333333 0.44537037037037036 0.026041666666666668 0.049074074074074076
11 0.40260416666666665 0.5138888888888888 0.015625 0.026851851851851852
11 0.5630208333333333 0.48148148148148145 0.025 0.044444444444444446
17 0.5635416666666667 0.525 0.0203125 0.03425925925925926
11 0.14791666666666667 0.4675925925925926 0.0109375 0.03888888888888889
11 0.5484375 0.5018518518518519 0.010416666666666666 0.027777777777777776
87 0.221875 0.4009259259259259 0.020833333333333332 0.03425925925925926
87 0.5619791666666667 0.43703703703703706 0.0203125 0.03611111111111111
11 0.22083333333333333 0.44537037037037036 0.026041666666666668 0.049074074074074076
11 0.40260416666666665 0.5138888888888888 0.015625 0.026851851851851852
11 0.5630208333333333 0.48148148148148145 0.025 0.044444444444444446
17 0.5635416666666667 0.525 0.0203125 0.03425925925925926
11 0.14791666666666667 0.4675925925925926 0.0109375 0.03888888888888889
11 0.5484375 0.5018518518518519 0.010416666666666666 0.027777777777777776
87 0.221875 0.4009259259259259 0.020833333333333332 0.03425925925925926
87 0.5619791666666667 0.43703703703703706 0.0203125 0.03611111111111111
