15 0.6270833333333333 0.33055555555555555 0.023958333333333335 0.040740740740740744
11 0.5510416666666667 0.42314814814814816 0.011458333333333333 0.016666666666666666
11 0.39479166666666665 0.43425925925925923 0.009895833333333333 0.018518518518518517
64 0.5489583333333333 0.3907407407407407 0.009375 0.018518518518518517
15 0.6270833333333333 0.33055555555555555 0.023958333333333335 0.040740740740740744
11 0.5510416666666667 0.42314814814814816 0.011458333333333333 0.016666666666666666
11 0.39479166666666665 0.43425925925925923 0.009895833333333333 0.018518518518518517
64 0.5489583333333333 0.3907407407407407 0.009375 0.018518518518518517
15 0.6270833333333333 0.33055555555555555 0.023958333333333335 0.040740740740740744
11 0.5510416666666667 0.42314814814814816 0.011458333333333333 0.016666666666666666
11 0.39479166666666665 0.43425925925925923 0.009895833333333333 0.018518518518518517
64 0.5489583333333333 0.3907407407407407 0.009375 0.018518518518518517
