17 0.090625 0.26296296296296295 0.043229166666666666 0.07222222222222222
11 0.3380208333333333 0.40925925925925927 0.019791666666666666 0.03425925925925926
11 0.7427083333333333 0.31666666666666665 0.025520833333333333 0.04814814814814815
11 0.22447916666666667 0.41944444444444445 0.0109375 0.03611111111111111
65 0.775 0.275 0.03229166666666667 0.05648148148148148
17 0.090625 0.26296296296296295 0.043229166666666666 0.07222222222222222
11 0.3380208333333333 0.40925925925925927 0.019791666666666666 0.03425925925925926
11 0.7427083333333333 0.31666666666666665 0.025520833333333333 0.04814814814814815
11 0.22447916666666667 0.41944444444444445 0.0109375 0.03611111111111111
65 0.775 0.275 0.03229166666666667 0.05648148148148148
17 0.090625 0.26296296296296295 0.043229166666666666 0.07222222222222222
11 0.3380208333333333 0.40925925925925927 0.019791666666666666 0.03425925925925926
11 0.7427083333333333 0.31666666666666665 0.025520833333333333 0.04814814814814815
11 0.22447916666666667 0.41944444444444445 0.0109375 0.03611111111111111
65 0.775 0.275 0.03229166666666667 0.05648148148148148
