11 0.78125 0.4791666666666667 0.02265625 0.044444444444444446
11 0.2234375 0.5111111111111111 0.02265625 0.043055555555555555
11 0.834375 0.4722222222222222 0.0140625 0.04027777777777778
78 0.57109375 0.4222222222222222 0.0203125 0.034722222222222224
11 0.78125 0.4791666666666667 0.02265625 0.044444444444444446
11 0.2234375 0.5111111111111111 0.02265625 0.043055555555555555
11 0.834375 0.4722222222222222 0.0140625 0.04027777777777778
78 0.57109375 0.4222222222222222 0.0203125 0.034722222222222224
11 0.78125 0.4791666666666667 0.02265625 0.044444444444444446
11 0.2234375 0.5111111111111111 0.02265625 0.043055555555555555
11 0.834375 0.4722222222222222 0.0140625 0.04027777777777778
78 0.57109375 0.4222222222222222 0.0203125 0.034722222222222224
