0 0.16822916666666668 0.5120370370370371 0.010416666666666666 0.025
11 0.640625 0.5027777777777778 0.027083333333333334 0.04722222222222222
11 0.007291666666666667 0.4703703703703704 0.015104166666666667 0.041666666666666664
15 0.521875 0.4824074074074074 0.010416666666666666 0.017592592592592594
11 0.5223958333333333 0.5074074074074074 0.009895833333333333 0.01574074074074074
64 0.640625 0.4546296296296296 0.027083333333333334 0.04722222222222222
0 0.16822916666666668 0.5120370370370371 0.010416666666666666 0.025
11 0.640625 0.5027777777777778 0.027083333333333334 0.04722222222222222
11 0.007291666666666667 0.4703703703703704 0.015104166666666667 0.041666666666666664
15 0.521875 0.4824074074074074 0.010416666666666666 0.017592592592592594
11 0.5223958333333333 0.5074074074074074 0.009895833333333333 0.01574074074074074
64 0.640625 0.4546296296296296 0.027083333333333334 0.04722222222222222
0 0.16822916666666668 0.5120370370370371 0.010416666666666666 0.025
11 0.640625 0.5027777777777778 0.027083333333333334 0.04722222222222222
11 0.007291666666666667 0.4703703703703704 0.015104166666666667 0.041666666666666664
15 0.521875 0.4824074074074074 0.010416666666666666 0.017592592592592594
11 0.5223958333333333 0.5074074074074074 0.009895833333333333 0.01574074074074074
64 0.640625 0.4546296296296296 0.027083333333333334 0.04722222222222222
