11 0.1703125 0.4203703703703704 0.030208333333333334 0.05740740740740741
11 0.8036458333333333 0.37777777777777777 0.0703125 0.11481481481481481
12 0.5567708333333333 0.5277777777777778 0.0109375 0.020370370370370372
94 0.5432291666666667 0.5435185185185185 0.009375 0.016666666666666666
11 0.1703125 0.4203703703703704 0.030208333333333334 0.05740740740740741
11 0.8036458333333333 0.37777777777777777 0.0703125 0.11481481481481481
12 0.5567708333333333 0.5277777777777778 0.0109375 0.020370370370370372
94 0.5432291666666667 0.5435185185185185 0.009375 0.016666666666666666
11 0.1703125 0.4203703703703704 0.030208333333333334 0.05740740740740741
11 0.8036458333333333 0.37777777777777777 0.0703125 0.11481481481481481
12 0.5567708333333333 0.5277777777777778 0.0109375 0.020370370370370372
94 0.5432291666666667 0.5435185185185185 0.009375 0.016666666666666666
