11 0.5390625 0.4685185185185185 0.0234375 0.044444444444444446
11 0.3265625 0.4888888888888889 0.0125 0.021296296296296296
21 0.5005208333333333 0.3490740740740741 0.0296875 0.020370370370370372
11 0.5510416666666667 0.5083333333333333 0.013541666666666667 0.022222222222222223
11 0.5713541666666667 0.44166666666666665 0.011979166666666667 0.03425925925925926
38 0.5088541666666667 0.5037037037037037 0.011458333333333333 0.018518518518518517
64 0.509375 0.48055555555555557 0.011979166666666667 0.023148148148148147
87 0.5010416666666667 0.3768518518518518 0.020833333333333332 0.03611111111111111
11 0.5390625 0.4685185185185185 0.0234375 0.044444444444444446
11 0.3265625 0.4888888888888889 0.0125 0.021296296296296296
21 0.5005208333333333 0.3490740740740741 0.0296875 0.020370370370370372
11 0.5510416666666667 0.5083333333333333 0.013541666666666667 0.022222222222222223
11 0.5713541666666667 0.44166666666666665 0.011979166666666667 0.03425925925925926
38 0.5088541666666667 0.5037037037037037 0.011458333333333333 0.018518518518518517
64 0.509375 0.48055555555555557 0.011979166666666667 0.023148148148148147
87 0.5010416666666667 0.3768518518518518 0.020833333333333332 0.03611111111111111
11 0.5390625 0.4685185185185185 0.0234375 0.044444444444444446
11 0.3265625 0.4888888888888889 0.0125 0.021296296296296296
21 0.5005208333333333 0.3490740740740741 0.0296875 0.020370370370370372
11 0.5510416666666667 0.5083333333333333 0.013541666666666667 0.022222222222222223
11 0.5713541666666667 0.44166666666666665 0.011979166666666667 0.03425925925925926
38 0.5088541666666667 0.5037037037037037 0.011458333333333333 0.018518518518518517
64 0.509375 0.48055555555555557 0.011979166666666667 0.023148148148148147
87 0.5010416666666667 0.3768518518518518 0.020833333333333332 0.03611111111111111
