11 0.9427083333333334 0.3861111111111111 0.0296875 0.06666666666666667
37 0.6109375 0.4388888888888889 0.010416666666666666 0.017592592592592594
64 0.6119791666666666 0.41388888888888886 0.014583333333333334 0.025925925925925925
80 0.6104166666666667 0.4601851851851852 0.0109375 0.019444444444444445
11 0.9427083333333334 0.3861111111111111 0.0296875 0.06666666666666667
37 0.6109375 0.4388888888888889 0.010416666666666666 0.017592592592592594
64 0.6119791666666666 0.41388888888888886 0.014583333333333334 0.025925925925925925
80 0.6104166666666667 0.4601851851851852 0.0109375 0.019444444444444445
11 0.9427083333333334 0.3861111111111111 0.0296875 0.06666666666666667
37 0.6109375 0.4388888888888889 0.010416666666666666 0.017592592592592594
64 0.6119791666666666 0.41388888888888886 0.014583333333333334 0.025925925925925925
80 0.6104166666666667 0.4601851851851852 0.0109375 0.019444444444444445
