16 0.3 0.32083333333333336 0.01484375 0.025
16 0.36484375 0.325 0.0140625 0.025
16 0.415625 0.3263888888888889 0.01484375 0.02638888888888889
16 0.48125 0.32222222222222224 0.01484375 0.025
26 0.5078125 0.41805555555555557 0.0125 0.03611111111111111
16 0.3 0.32083333333333336 0.01484375 0.025
16 0.36484375 0.325 0.0140625 0.025
16 0.415625 0.3263888888888889 0.01484375 0.02638888888888889
16 0.48125 0.32222222222222224 0.01484375 0.025
26 0.5078125 0.41805555555555557 0.0125 0.03611111111111111
16 0.3 0.32083333333333336 0.01484375 0.025
16 0.36484375 0.325 0.0140625 0.025
16 0.415625 0.3263888888888889 0.01484375 0.02638888888888889
16 0.48125 0.32222222222222224 0.01484375 0.025
26 0.5078125 0.41805555555555557 0.0125 0.03611111111111111
