16 0.44921875 0.02361111111111111 0.028125 0.04861111111111111
16 0.59609375 0.020833333333333332 0.03046875 0.043055555555555555
16 0.74921875 0.013888888888888888 0.028125 0.027777777777777776
13 0.85546875 0.3111111111111111 0.0125 0.025
16 0.44921875 0.02361111111111111 0.028125 0.04861111111111111
16 0.59609375 0.020833333333333332 0.03046875 0.043055555555555555
16 0.74921875 0.013888888888888888 0.028125 0.027777777777777776
13 0.85546875 0.3111111111111111 0.0125 0.025
16 0.44921875 0.02361111111111111 0.028125 0.04861111111111111
16 0.59609375 0.020833333333333332 0.03046875 0.043055555555555555
16 0.74921875 0.013888888888888888 0.028125 0.027777777777777776
13 0.85546875 0.3111111111111111 0.0125 0.025
