11 0.3453125 0.32592592592592595 0.0265625 0.04722222222222222
11 0.7833333333333333 0.41203703703703703 0.029166666666666667 0.04814814814814815
11 0.43333333333333335 0.42962962962962964 0.016145833333333335 0.024074074074074074
20 0.1515625 0.3138888888888889 0.019270833333333334 0.044444444444444446
64 0.7822916666666667 0.3453703703703704 0.03697916666666667 0.06388888888888888
11 0.3453125 0.32592592592592595 0.0265625 0.04722222222222222
11 0.7833333333333333 0.41203703703703703 0.029166666666666667 0.04814814814814815
11 0.43333333333333335 0.42962962962962964 0.016145833333333335 0.024074074074074074
20 0.1515625 0.3138888888888889 0.019270833333333334 0.044444444444444446
64 0.7822916666666667 0.3453703703703704 0.03697916666666667 0.06388888888888888
11 0.3453125 0.32592592592592595 0.0265625 0.04722222222222222
11 0.7833333333333333 0.41203703703703703 0.029166666666666667 0.04814814814814815
11 0.43333333333333335 0.42962962962962964 0.016145833333333335 0.024074074074074074
20 0.1515625 0.3138888888888889 0.019270833333333334 0.044444444444444446
64 0.7822916666666667 0.3453703703703704 0.03697916666666667 0.06388888888888888
