0 0.58671875 0.4986111111111111 0.01484375 0.03888888888888889
11 0.18515625 0.4388888888888889 0.02890625 0.04861111111111111
11 0.66171875 0.46111111111111114 0.02421875 0.044444444444444446
46 0.71015625 0.48194444444444445 0.028125 0.04583333333333333
0 0.58671875 0.4986111111111111 0.01484375 0.03888888888888889
11 0.18515625 0.4388888888888889 0.02890625 0.04861111111111111
11 0.66171875 0.46111111111111114 0.02421875 0.044444444444444446
46 0.71015625 0.48194444444444445 0.028125 0.04583333333333333
0 0.58671875 0.4986111111111111 0.01484375 0.03888888888888889
11 0.18515625 0.4388888888888889 0.02890625 0.04861111111111111
11 0.66171875 0.46111111111111114 0.02421875 0.044444444444444446
46 0.71015625 0.48194444444444445 0.028125 0.04583333333333333
