16 0.490625 0.05277777777777778 0.0359375 0.06527777777777778
16 0.65234375 0.04583333333333333 0.034375 0.06527777777777778
16 0.8453125 0.030555555555555555 0.03515625 0.0625
93 0.3125 0.5166666666666667 0.025 0.03888888888888889
16 0.490625 0.05277777777777778 0.0359375 0.06527777777777778
16 0.65234375 0.04583333333333333 0.034375 0.06527777777777778
16 0.8453125 0.030555555555555555 0.03515625 0.0625
93 0.3125 0.5166666666666667 0.025 0.03888888888888889
16 0.490625 0.05277777777777778 0.0359375 0.06527777777777778
16 0.65234375 0.04583333333333333 0.034375 0.06527777777777778
16 0.8453125 0.030555555555555555 0.03515625 0.0625
93 0.3125 0.5166666666666667 0.025 0.03888888888888889
