11 0.7552083333333334 0.737037037037037 0.0296875 0.053703703703703705
11 0.5489583333333333 0.7361111111111112 0.025 0.05092592592592592
11 0.09427083333333333 0.6944444444444444 0.0203125 0.08148148148148149
38 0.5145833333333333 0.6935185185185185 0.026041666666666668 0.041666666666666664
11 0.7552083333333334 0.737037037037037 0.0296875 0.053703703703703705
11 0.5489583333333333 0.7361111111111112 0.025 0.05092592592592592
11 0.09427083333333333 0.6944444444444444 0.0203125 0.08148148148148149
38 0.5145833333333333 0.6935185185185185 0.026041666666666668 0.041666666666666664
11 0.7552083333333334 0.737037037037037 0.0296875 0.053703703703703705
11 0.5489583333333333 0.7361111111111112 0.025 0.05092592592592592
11 0.09427083333333333 0.6944444444444444 0.0203125 0.08148148148148149
38 0.5145833333333333 0.6935185185185185 0.026041666666666668 0.041666666666666664
