11 0.24791666666666667 0.4537037037037037 0.015104166666666667 0.025925925925925925
11 0.49270833333333336 0.48333333333333334 0.0125 0.021296296296296296
11 0.6307291666666667 0.49444444444444446 0.009895833333333333 0.03796296296296296
11 0.6161458333333333 0.37407407407407406 0.011458333333333333 0.05092592592592592
11 0.24791666666666667 0.4537037037037037 0.015104166666666667 0.025925925925925925
11 0.49270833333333336 0.48333333333333334 0.0125 0.021296296296296296
11 0.6307291666666667 0.49444444444444446 0.009895833333333333 0.03796296296296296
11 0.6161458333333333 0.37407407407407406 0.011458333333333333 0.05092592592592592
11 0.24791666666666667 0.4537037037037037 0.015104166666666667 0.025925925925925925
11 0.49270833333333336 0.48333333333333334 0.0125 0.021296296296296296
11 0.6307291666666667 0.49444444444444446 0.009895833333333333 0.03796296296296296
11 0.6161458333333333 0.37407407407407406 0.011458333333333333 0.05092592592592592
