11 0.6192708333333333 0.2074074074074074 0.03958333333333333 0.07685185185185185
11 0.5692708333333333 0.5009259259259259 0.013541666666666667 0.025
11 0.08697916666666666 0.44907407407407407 0.009895833333333333 0.025
75 0.61875 0.13055555555555556 0.041666666666666664 0.07592592592592592
11 0.6192708333333333 0.2074074074074074 0.03958333333333333 0.07685185185185185
11 0.5692708333333333 0.5009259259259259 0.013541666666666667 0.025
11 0.08697916666666666 0.44907407407407407 0.009895833333333333 0.025
75 0.61875 0.13055555555555556 0.041666666666666664 0.07592592592592592
11 0.6192708333333333 0.2074074074074074 0.03958333333333333 0.07685185185185185
11 0.5692708333333333 0.5009259259259259 0.013541666666666667 0.025
11 0.08697916666666666 0.44907407407407407 0.009895833333333333 0.025
75 0.61875 0.13055555555555556 0.041666666666666664 0.07592592592592592
