0 0.125 0.47685185185185186 0.015625 0.03796296296296296
37 0.25364583333333335 0.45740740740740743 0.011458333333333333 0.019444444444444445
37 0.5854166666666667 0.43796296296296294 0.011458333333333333 0.018518518518518517
80 0.25416666666666665 0.47685185185185186 0.010416666666666666 0.016666666666666666
80 0.5869791666666667 0.4564814814814815 0.009375 0.014814814814814815
0 0.125 0.47685185185185186 0.015625 0.03796296296296296
37 0.25364583333333335 0.45740740740740743 0.011458333333333333 0.019444444444444445
37 0.5854166666666667 0.43796296296296294 0.011458333333333333 0.018518518518518517
80 0.25416666666666665 0.47685185185185186 0.010416666666666666 0.016666666666666666
80 0.5869791666666667 0.4564814814814815 0.009375 0.014814814814814815
0 0.125 0.47685185185185186 0.015625 0.03796296296296296
37 0.25364583333333335 0.45740740740740743 0.011458333333333333 0.019444444444444445
37 0.5854166666666667 0.43796296296296294 0.011458333333333333 0.018518518518518517
80 0.25416666666666665 0.47685185185185186 0.010416666666666666 0.016666666666666666
80 0.5869791666666667 0.4564814814814815 0.009375 0.014814814814814815
