11 0.509375 0.7898148148148149 0.014583333333333334 0.023148148148148147
11 0.37083333333333335 0.7870370370370371 0.015104166666666667 0.025925925925925925
37 0.6244791666666667 0.6851851851851852 0.034895833333333334 0.05648148148148148
50 0.5661458333333333 0.7564814814814815 0.0203125 0.030555555555555555
80 0.6244791666666667 0.7407407407407407 0.03333333333333333 0.05740740740740741
11 0.509375 0.7898148148148149 0.014583333333333334 0.023148148148148147
11 0.37083333333333335 0.7870370370370371 0.015104166666666667 0.025925925925925925
37 0.6244791666666667 0.6851851851851852 0.034895833333333334 0.05648148148148148
50 0.5661458333333333 0.7564814814814815 0.0203125 0.030555555555555555
80 0.6244791666666667 0.7407407407407407 0.03333333333333333 0.05740740740740741
11 0.509375 0.7898148148148149 0.014583333333333334 0.023148148148148147
11 0.37083333333333335 0.7870370370370371 0.015104166666666667 0.025925925925925925
37 0.6244791666666667 0.6851851851851852 0.034895833333333334 0.05648148148148148
50 0.5661458333333333 0.7564814814814815 0.0203125 0.030555555555555555
80 0.6244791666666667 0.7407407407407407 0.03333333333333333 0.05740740740740741
