17 0.90859375 0.5430555555555555 0.0140625 0.02638888888888889
41 0.84140625 0.4305555555555556 0.02734375 0.04027777777777778
64 0.76796875 0.5305555555555556 0.02109375 0.04027777777777778
66 0.76796875 0.5680555555555555 0.01640625 0.029166666666666667
17 0.90859375 0.5430555555555555 0.0140625 0.02638888888888889
41 0.84140625 0.4305555555555556 0.02734375 0.04027777777777778
64 0.76796875 0.5305555555555556 0.02109375 0.04027777777777778
66 0.76796875 0.5680555555555555 0.01640625 0.029166666666666667
17 0.90859375 0.5430555555555555 0.0140625 0.02638888888888889
41 0.84140625 0.4305555555555556 0.02734375 0.04027777777777778
64 0.76796875 0.5305555555555556 0.02109375 0.04027777777777778
66 0.76796875 0.5680555555555555 0.01640625 0.029166666666666667
