16 0.78671875 0.2763888888888889 0.01796875 0.03194444444444444
16 0.86328125 0.29583333333333334 0.01953125 0.034722222222222224
16 0.93046875 0.3055555555555556 0.01875 0.03333333333333333
16 0.29453125 0.24722222222222223 0.01640625 0.03194444444444444
16 0.37578125 0.25416666666666665 0.0171875 0.030555555555555555
16 0.484375 0.2611111111111111 0.01640625 0.03194444444444444
64 0.50390625 0.4361111111111111 0.01796875 0.029166666666666667
16 0.78671875 0.2763888888888889 0.01796875 0.03194444444444444
16 0.86328125 0.29583333333333334 0.01953125 0.034722222222222224
16 0.93046875 0.3055555555555556 0.01875 0.03333333333333333
16 0.29453125 0.24722222222222223 0.01640625 0.03194444444444444
16 0.37578125 0.25416666666666665 0.0171875 0.030555555555555555
16 0.484375 0.2611111111111111 0.01640625 0.03194444444444444
64 0.50390625 0.4361111111111111 0.01796875 0.029166666666666667
16 0.78671875 0.2763888888888889 0.01796875 0.03194444444444444
16 0.86328125 0.29583333333333334 0.01953125 0.034722222222222224
16 0.93046875 0.3055555555555556 0.01875 0.03333333333333333
16 0.29453125 0.24722222222222223 0.01640625 0.03194444444444444
16 0.37578125 0.25416666666666665 0.0171875 0.030555555555555555
16 0.484375 0.2611111111111111 0.01640625 0.03194444444444444
64 0.50390625 0.4361111111111111 0.01796875 0.029166666666666667
