1 0.5635416666666667 0.4537037037037037 0.008854166666666666 0.026851851851851852
11 0.6161458333333333 0.3925925925925926 0.013541666666666667 0.024074074074074074
11 0.3958333333333333 0.387037037037037 0.0125 0.021296296296296296
81 0.5640625 0.42592592592592593 0.008854166666666666 0.017592592592592594
1 0.5635416666666667 0.4537037037037037 0.008854166666666666 0.026851851851851852
11 0.6161458333333333 0.3925925925925926 0.013541666666666667 0.024074074074074074
11 0.3958333333333333 0.387037037037037 0.0125 0.021296296296296296
81 0.5640625 0.42592592592592593 0.008854166666666666 0.017592592592592594
1 0.5635416666666667 0.4537037037037037 0.008854166666666666 0.026851851851851852
11 0.6161458333333333 0.3925925925925926 0.013541666666666667 0.024074074074074074
11 0.3958333333333333 0.387037037037037 0.0125 0.021296296296296296
81 0.5640625 0.42592592592592593 0.008854166666666666 0.017592592592592594
