16 0.12109375 0.09305555555555556 0.02890625 0.05138888888888889
22 0.24375 0.4305555555555556 0.0234375 0.03888888888888889
20 0.24296875 0.3875 0.02265625 0.043055555555555555
64 0.2421875 0.3375 0.02890625 0.05
16 0.12109375 0.09305555555555556 0.02890625 0.05138888888888889
22 0.24375 0.4305555555555556 0.0234375 0.03888888888888889
20 0.24296875 0.3875 0.02265625 0.043055555555555555
64 0.2421875 0.3375 0.02890625 0.05
16 0.12109375 0.09305555555555556 0.02890625 0.05138888888888889
22 0.24375 0.4305555555555556 0.0234375 0.03888888888888889
20 0.24296875 0.3875 0.02265625 0.043055555555555555
64 0.2421875 0.3375 0.02890625 0.05
