16 0.4421875 0.3902777777777778 0.015625 0.027777777777777776
16 0.5203125 0.37916666666666665 0.01640625 0.027777777777777776
16 0.59765625 0.3625 0.0171875 0.030555555555555555
99 0.7546875 0.4986111111111111 0.01328125 0.02361111111111111
16 0.4421875 0.3902777777777778 0.015625 0.027777777777777776
16 0.5203125 0.37916666666666665 0.01640625 0.027777777777777776
16 0.59765625 0.3625 0.0171875 0.030555555555555555
99 0.7546875 0.4986111111111111 0.01328125 0.02361111111111111
16 0.4421875 0.3902777777777778 0.015625 0.027777777777777776
16 0.5203125 0.37916666666666665 0.01640625 0.027777777777777776
16 0.59765625 0.3625 0.0171875 0.030555555555555555
99 0.7546875 0.4986111111111111 0.01328125 0.02361111111111111
