37 0.5651041666666666 0.46574074074074073 0.019270833333333334 0.032407407407407406
37 0.0734375 0.4888888888888889 0.023958333333333335 0.03518518518518519
64 0.5140625 0.5101851851851852 0.0109375 0.021296296296296296
80 0.565625 0.5 0.016666666666666666 0.030555555555555555
80 0.07604166666666666 0.5222222222222223 0.021354166666666667 0.03148148148148148
37 0.5651041666666666 0.46574074074074073 0.019270833333333334 0.032407407407407406
37 0.0734375 0.4888888888888889 0.023958333333333335 0.03518518518518519
64 0.5140625 0.5101851851851852 0.0109375 0.021296296296296296
80 0.565625 0.5 0.016666666666666666 0.030555555555555555
80 0.07604166666666666 0.5222222222222223 0.021354166666666667 0.03148148148148148
37 0.5651041666666666 0.46574074074074073 0.019270833333333334 0.032407407407407406
37 0.0734375 0.4888888888888889 0.023958333333333335 0.03518518518518519
64 0.5140625 0.5101851851851852 0.0109375 0.021296296296296296
80 0.565625 0.5 0.016666666666666666 0.030555555555555555
80 0.07604166666666666 0.5222222222222223 0.021354166666666667 0.03148148148148148
