11 0.5604166666666667 0.45092592592592595 0.010416666666666666 0.019444444444444445
12 0.5609375 0.47314814814814815 0.009375 0.017592592592592594
11 0.27760416666666665 0.4824074074074074 0.008854166666666666 0.01574074074074074
64 0.6453125 0.38981481481481484 0.036458333333333336 0.06481481481481481
11 0.5604166666666667 0.45092592592592595 0.010416666666666666 0.019444444444444445
12 0.5609375 0.47314814814814815 0.009375 0.017592592592592594
11 0.27760416666666665 0.4824074074074074 0.008854166666666666 0.01574074074074074
64 0.6453125 0.38981481481481484 0.036458333333333336 0.06481481481481481
11 0.5604166666666667 0.45092592592592595 0.010416666666666666 0.019444444444444445
12 0.5609375 0.47314814814814815 0.009375 0.017592592592592594
11 0.27760416666666665 0.4824074074074074 0.008854166666666666 0.01574074074074074
64 0.6453125 0.38981481481481484 0.036458333333333336 0.06481481481481481
