11 0.66171875 0.37916666666666665 0.04375 0.08194444444444444
11 0.54765625 0.4847222222222222 0.0171875 0.03194444444444444
38 0.65859375 0.4583333333333333 0.05 0.0875
81 0.5078125 0.48055555555555557 0.01484375 0.027777777777777776
11 0.66171875 0.37916666666666665 0.04375 0.08194444444444444
11 0.54765625 0.4847222222222222 0.0171875 0.03194444444444444
38 0.65859375 0.4583333333333333 0.05 0.0875
81 0.5078125 0.48055555555555557 0.01484375 0.027777777777777776
11 0.66171875 0.37916666666666665 0.04375 0.08194444444444444
11 0.54765625 0.4847222222222222 0.0171875 0.03194444444444444
38 0.65859375 0.4583333333333333 0.05 0.0875
81 0.5078125 0.48055555555555557 0.01484375 0.027777777777777776
