16 0.4 0.2361111111111111 0.0125 0.027777777777777776
16 0.47421875 0.2388888888888889 0.0140625 0.027777777777777776
16 0.54296875 0.2388888888888889 0.0140625 0.02361111111111111
16 0.60859375 0.2361111111111111 0.01484375 0.025
16 0.4 0.2361111111111111 0.0125 0.027777777777777776
16 0.47421875 0.2388888888888889 0.0140625 0.027777777777777776
16 0.54296875 0.2388888888888889 0.0140625 0.02361111111111111
16 0.60859375 0.2361111111111111 0.01484375 0.025
16 0.4 0.2361111111111111 0.0125 0.027777777777777776
16 0.47421875 0.2388888888888889 0.0140625 0.027777777777777776
16 0.54296875 0.2388888888888889 0.0140625 0.02361111111111111
16 0.60859375 0.2361111111111111 0.01484375 0.025
