0 0.22552083333333334 0.4824074074074074 0.009375 0.025925925925925925
11 0.50625 0.4842592592592593 0.011979166666666667 0.021296296296296296
11 0.31875 0.49444444444444446 0.010416666666666666 0.017592592592592594
38 0.5848958333333333 0.48518518518518516 0.018229166666666668 0.027777777777777776
0 0.22552083333333334 0.4824074074074074 0.009375 0.025925925925925925
11 0.50625 0.4842592592592593 0.011979166666666667 0.021296296296296296
11 0.31875 0.49444444444444446 0.010416666666666666 0.017592592592592594
38 0.5848958333333333 0.48518518518518516 0.018229166666666668 0.027777777777777776
0 0.22552083333333334 0.4824074074074074 0.009375 0.025925925925925925
11 0.50625 0.4842592592592593 0.011979166666666667 0.021296296296296296
11 0.31875 0.49444444444444446 0.010416666666666666 0.017592592592592594
38 0.5848958333333333 0.48518518518518516 0.018229166666666668 0.027777777777777776
