16 0.2703125 0.2777777777777778 0.01875 0.03194444444444444
16 0.34609375 0.2875 0.0171875 0.030555555555555555
16 0.41640625 0.29444444444444445 0.01796875 0.030555555555555555
16 0.47578125 0.2972222222222222 0.01484375 0.027777777777777776
16 0.2703125 0.2777777777777778 0.01875 0.03194444444444444
16 0.34609375 0.2875 0.0171875 0.030555555555555555
16 0.41640625 0.29444444444444445 0.01796875 0.030555555555555555
16 0.47578125 0.2972222222222222 0.01484375 0.027777777777777776
16 0.2703125 0.2777777777777778 0.01875 0.03194444444444444
16 0.34609375 0.2875 0.0171875 0.030555555555555555
16 0.41640625 0.29444444444444445 0.01796875 0.030555555555555555
16 0.47578125 0.2972222222222222 0.01484375 0.027777777777777776
