11 0.74296875 0.3111111111111111 0.0640625 0.12916666666666668
11 0.5265625 0.4097222222222222 0.02109375 0.04027777777777778
11 0.09140625 0.41805555555555557 0.015625 0.034722222222222224
11 0.209375 0.44722222222222224 0.01484375 0.030555555555555555
11 0.74296875 0.3111111111111111 0.0640625 0.12916666666666668
11 0.5265625 0.4097222222222222 0.02109375 0.04027777777777778
11 0.09140625 0.41805555555555557 0.015625 0.034722222222222224
11 0.209375 0.44722222222222224 0.01484375 0.030555555555555555
11 0.74296875 0.3111111111111111 0.0640625 0.12916666666666668
11 0.5265625 0.4097222222222222 0.02109375 0.04027777777777778
11 0.09140625 0.41805555555555557 0.015625 0.034722222222222224
11 0.209375 0.44722222222222224 0.01484375 0.030555555555555555
