11 0.25052083333333336 0.44722222222222224 0.015625 0.025925925925925925
11 0.31979166666666664 0.4361111111111111 0.013541666666666667 0.027777777777777776
11 0.5755208333333334 0.36574074074074076 0.016666666666666666 0.030555555555555555
64 0.5869791666666667 0.3314814814814815 0.01875 0.037037037037037035
11 0.25052083333333336 0.44722222222222224 0.015625 0.025925925925925925
11 0.31979166666666664 0.4361111111111111 0.013541666666666667 0.027777777777777776
11 0.5755208333333334 0.36574074074074076 0.016666666666666666 0.030555555555555555
64 0.5869791666666667 0.3314814814814815 0.01875 0.037037037037037035
11 0.25052083333333336 0.44722222222222224 0.015625 0.025925925925925925
11 0.31979166666666664 0.4361111111111111 0.013541666666666667 0.027777777777777776
11 0.5755208333333334 0.36574074074074076 0.016666666666666666 0.030555555555555555
64 0.5869791666666667 0.3314814814814815 0.01875 0.037037037037037035
