5 0.52421875 0.37083333333333335 0.0125 0.03888888888888889
16 0.2375 0.24861111111111112 0.0140625 0.025
16 0.31640625 0.2513888888888889 0.01328125 0.025
16 0.3890625 0.25 0.0171875 0.027777777777777776
16 0.4609375 0.24583333333333332 0.0140625 0.029166666666666667
5 0.52421875 0.37083333333333335 0.0125 0.03888888888888889
16 0.2375 0.24861111111111112 0.0140625 0.025
16 0.31640625 0.2513888888888889 0.01328125 0.025
16 0.3890625 0.25 0.0171875 0.027777777777777776
16 0.4609375 0.24583333333333332 0.0140625 0.029166666666666667
5 0.52421875 0.37083333333333335 0.0125 0.03888888888888889
16 0.2375 0.24861111111111112 0.0140625 0.025
16 0.31640625 0.2513888888888889 0.01328125 0.025
16 0.3890625 0.25 0.0171875 0.027777777777777776
16 0.4609375 0.24583333333333332 0.0140625 0.029166666666666667
