13 0.75625 0.16666666666666666 0.07734375 0.11944444444444445
56 0.60546875 0.2652777777777778 0.03515625 0.04722222222222222
41 0.60625 0.3125 0.03671875 0.04722222222222222
88 0.60625 0.3611111111111111 0.02734375 0.044444444444444446
13 0.75625 0.16666666666666666 0.07734375 0.11944444444444445
56 0.60546875 0.2652777777777778 0.03515625 0.04722222222222222
41 0.60625 0.3125 0.03671875 0.04722222222222222
88 0.60625 0.3611111111111111 0.02734375 0.044444444444444446
13 0.75625 0.16666666666666666 0.07734375 0.11944444444444445
56 0.60546875 0.2652777777777778 0.03515625 0.04722222222222222
41 0.60625 0.3125 0.03671875 0.04722222222222222
88 0.60625 0.3611111111111111 0.02734375 0.044444444444444446
