16 0.4625 0.1111111111111111 0.01953125 0.034722222222222224
16 0.55234375 0.1125 0.01953125 0.03611111111111111
16 0.63359375 0.10833333333333334 0.01953125 0.03333333333333333
17 0.69609375 0.37916666666666665 0.01796875 0.030555555555555555
16 0.4625 0.1111111111111111 0.01953125 0.034722222222222224
16 0.55234375 0.1125 0.01953125 0.03611111111111111
16 0.63359375 0.10833333333333334 0.01953125 0.03333333333333333
17 0.69609375 0.37916666666666665 0.01796875 0.030555555555555555
16 0.4625 0.1111111111111111 0.01953125 0.034722222222222224
16 0.55234375 0.1125 0.01953125 0.03611111111111111
16 0.63359375 0.10833333333333334 0.01953125 0.03333333333333333
17 0.69609375 0.37916666666666665 0.01796875 0.030555555555555555
