0 0.75859375 0.4 0.01328125 0.034722222222222224
13 0.17578125 0.4888888888888889 0.01328125 0.02638888888888889
13 0.7609375 0.44583333333333336 0.0171875 0.0375
79 0.9328125 0.3888888888888889 0.0296875 0.058333333333333334
0 0.75859375 0.4 0.01328125 0.034722222222222224
13 0.17578125 0.4888888888888889 0.01328125 0.02638888888888889
13 0.7609375 0.44583333333333336 0.0171875 0.0375
79 0.9328125 0.3888888888888889 0.0296875 0.058333333333333334
0 0.75859375 0.4 0.01328125 0.034722222222222224
13 0.17578125 0.4888888888888889 0.01328125 0.02638888888888889
13 0.7609375 0.44583333333333336 0.0171875 0.0375
79 0.9328125 0.3888888888888889 0.0296875 0.058333333333333334
