11 0.52890625 0.5125 0.0296875 0.05555555555555555
11 0.01171875 0.5194444444444445 0.0203125 0.0375
11 0.6828125 0.5166666666666667 0.01484375 0.027777777777777776
64 0.69296875 0.4166666666666667 0.0625 0.11388888888888889
66 0.2 0.058333333333333334 0.04375 0.07777777777777778
66 0.52734375 0.43333333333333335 0.02109375 0.04027777777777778
79 0.5265625 0.3486111111111111 0.0234375 0.04027777777777778
11 0.52890625 0.5125 0.0296875 0.05555555555555555
11 0.01171875 0.5194444444444445 0.0203125 0.0375
11 0.6828125 0.5166666666666667 0.01484375 0.027777777777777776
64 0.69296875 0.4166666666666667 0.0625 0.11388888888888889
66 0.2 0.058333333333333334 0.04375 0.07777777777777778
66 0.52734375 0.43333333333333335 0.02109375 0.04027777777777778
79 0.5265625 0.3486111111111111 0.0234375 0.04027777777777778
11 0.52890625 0.5125 0.0296875 0.05555555555555555
11 0.01171875 0.5194444444444445 0.0203125 0.0375
11 0.6828125 0.5166666666666667 0.01484375 0.027777777777777776
64 0.69296875 0.4166666666666667 0.0625 0.11388888888888889
66 0.2 0.058333333333333334 0.04375 0.07777777777777778
66 0.52734375 0.43333333333333335 0.02109375 0.04027777777777778
79 0.5265625 0.3486111111111111 0.0234375 0.04027777777777778
