21 0.5666666666666667 0.4203703703703704 0.024479166666666666 0.017592592592592594
64 0.8036458333333333 0.18888888888888888 0.07135416666666666 0.1175925925925926
70 0.07604166666666666 0.5388888888888889 0.057291666666666664 0.11296296296296296
98 0.03229166666666667 0.6101851851851852 0.0609375 0.10462962962962963
21 0.5666666666666667 0.4203703703703704 0.024479166666666666 0.017592592592592594
64 0.8036458333333333 0.18888888888888888 0.07135416666666666 0.1175925925925926
70 0.07604166666666666 0.5388888888888889 0.057291666666666664 0.11296296296296296
98 0.03229166666666667 0.6101851851851852 0.0609375 0.10462962962962963
21 0.5666666666666667 0.4203703703703704 0.024479166666666666 0.017592592592592594
64 0.8036458333333333 0.18888888888888888 0.07135416666666666 0.1175925925925926
70 0.07604166666666666 0.5388888888888889 0.057291666666666664 0.11296296296296296
98 0.03229166666666667 0.6101851851851852 0.0609375 0.10462962962962963
