11 0.675 0.32222222222222224 0.03828125 0.07916666666666666
11 0.47578125 0.43472222222222223 0.01796875 0.034722222222222224
11 0.67578125 0.24444444444444444 0.02421875 0.08333333333333333
64 0.60234375 0.20555555555555555 0.053125 0.10694444444444444
11 0.675 0.32222222222222224 0.03828125 0.07916666666666666
11 0.47578125 0.43472222222222223 0.01796875 0.034722222222222224
11 0.67578125 0.24444444444444444 0.02421875 0.08333333333333333
64 0.60234375 0.20555555555555555 0.053125 0.10694444444444444
11 0.675 0.32222222222222224 0.03828125 0.07916666666666666
11 0.47578125 0.43472222222222223 0.01796875 0.034722222222222224
11 0.67578125 0.24444444444444444 0.02421875 0.08333333333333333
64 0.60234375 0.20555555555555555 0.053125 0.10694444444444444
