16 0.28515625 0.14305555555555555 0.0296875 0.058333333333333334
16 0.39296875 0.1625 0.028125 0.05555555555555555
16 0.496875 0.1625 0.02890625 0.058333333333333334
64 0.915625 0.28055555555555556 0.04296875 0.08611111111111111
70 0.1828125 0.4388888888888889 0.01875 0.034722222222222224
16 0.28515625 0.14305555555555555 0.0296875 0.058333333333333334
16 0.39296875 0.1625 0.028125 0.05555555555555555
16 0.496875 0.1625 0.02890625 0.058333333333333334
64 0.915625 0.28055555555555556 0.04296875 0.08611111111111111
70 0.1828125 0.4388888888888889 0.01875 0.034722222222222224
16 0.28515625 0.14305555555555555 0.0296875 0.058333333333333334
16 0.39296875 0.1625 0.028125 0.05555555555555555
16 0.496875 0.1625 0.02890625 0.058333333333333334
64 0.915625 0.28055555555555556 0.04296875 0.08611111111111111
70 0.1828125 0.4388888888888889 0.01875 0.034722222222222224
