0 0.80546875 0.5041666666666667 0.0125 0.03888888888888889
11 0.90859375 0.49166666666666664 0.03828125 0.0625
11 0.1015625 0.4875 0.0328125 0.05694444444444444
11 0.42109375 0.5138888888888888 0.025 0.04722222222222222
93 0.56640625 0.3819444444444444 0.01484375 0.02638888888888889
0 0.80546875 0.5041666666666667 0.0125 0.03888888888888889
11 0.90859375 0.49166666666666664 0.03828125 0.0625
11 0.1015625 0.4875 0.0328125 0.05694444444444444
11 0.42109375 0.5138888888888888 0.025 0.04722222222222222
93 0.56640625 0.3819444444444444 0.01484375 0.02638888888888889
0 0.80546875 0.5041666666666667 0.0125 0.03888888888888889
11 0.90859375 0.49166666666666664 0.03828125 0.0625
11 0.1015625 0.4875 0.0328125 0.05694444444444444
11 0.42109375 0.5138888888888888 0.025 0.04722222222222222
93 0.56640625 0.3819444444444444 0.01484375 0.02638888888888889
