11 0.36666666666666664 0.47314814814814815 0.013020833333333334 0.028703703703703703
11 0.5098958333333333 0.5018518518518519 0.022395833333333334 0.03611111111111111
11 0.5885416666666666 0.4787037037037037 0.016145833333333335 0.02962962962962963
11 0.9708333333333333 0.4083333333333333 0.03125 0.04722222222222222
70 0.20052083333333334 0.37777777777777777 0.03697916666666667 0.08333333333333333
11 0.36666666666666664 0.47314814814814815 0.013020833333333334 0.028703703703703703
11 0.5098958333333333 0.5018518518518519 0.022395833333333334 0.03611111111111111
11 0.5885416666666666 0.4787037037037037 0.016145833333333335 0.02962962962962963
11 0.9708333333333333 0.4083333333333333 0.03125 0.04722222222222222
70 0.20052083333333334 0.37777777777777777 0.03697916666666667 0.08333333333333333
11 0.36666666666666664 0.47314814814814815 0.013020833333333334 0.028703703703703703
11 0.5098958333333333 0.5018518518518519 0.022395833333333334 0.03611111111111111
11 0.5885416666666666 0.4787037037037037 0.016145833333333335 0.02962962962962963
11 0.9708333333333333 0.4083333333333333 0.03125 0.04722222222222222
70 0.20052083333333334 0.37777777777777777 0.03697916666666667 0.08333333333333333
