36 0.6875 0.4027777777777778 0.01484375 0.02638888888888889
25 0.6875 0.4305555555555556 0.01484375 0.02638888888888889
84 0.68828125 0.45694444444444443 0.01328125 0.022222222222222223
79 0.68828125 0.4847222222222222 0.015625 0.027777777777777776
36 0.6875 0.4027777777777778 0.01484375 0.02638888888888889
25 0.6875 0.4305555555555556 0.01484375 0.02638888888888889
84 0.68828125 0.45694444444444443 0.01328125 0.022222222222222223
79 0.68828125 0.4847222222222222 0.015625 0.027777777777777776
36 0.6875 0.4027777777777778 0.01484375 0.02638888888888889
25 0.6875 0.4305555555555556 0.01484375 0.02638888888888889
84 0.68828125 0.45694444444444443 0.01328125 0.022222222222222223
79 0.68828125 0.4847222222222222 0.015625 0.027777777777777776
