11 0.23489583333333333 0.4527777777777778 0.011458333333333333 0.018518518518518517
11 0.35520833333333335 0.43333333333333335 0.013541666666666667 0.021296296296296296
11 0.4203125 0.42962962962962964 0.010416666666666666 0.016666666666666666
12 0.5640625 0.41388888888888886 0.0125 0.019444444444444445
37 0.7411458333333333 0.2601851851851852 0.036458333333333336 0.058333333333333334
80 0.7442708333333333 0.31851851851851853 0.0296875 0.05555555555555555
11 0.23489583333333333 0.4527777777777778 0.011458333333333333 0.018518518518518517
11 0.35520833333333335 0.43333333333333335 0.013541666666666667 0.021296296296296296
11 0.4203125 0.42962962962962964 0.010416666666666666 0.016666666666666666
12 0.5640625 0.41388888888888886 0.0125 0.019444444444444445
37 0.7411458333333333 0.2601851851851852 0.036458333333333336 0.058333333333333334
80 0.7442708333333333 0.31851851851851853 0.0296875 0.05555555555555555
11 0.23489583333333333 0.4527777777777778 0.011458333333333333 0.018518518518518517
11 0.35520833333333335 0.43333333333333335 0.013541666666666667 0.021296296296296296
11 0.4203125 0.42962962962962964 0.010416666666666666 0.016666666666666666
12 0.5640625 0.41388888888888886 0.0125 0.019444444444444445
37 0.7411458333333333 0.2601851851851852 0.036458333333333336 0.058333333333333334
80 0.7442708333333333 0.31851851851851853 0.0296875 0.05555555555555555
