16 0.23125 0.2777777777777778 0.0171875 0.03194444444444444
16 0.3265625 0.2875 0.0171875 0.03333333333333333
16 0.409375 0.2861111111111111 0.01796875 0.030555555555555555
64 0.4765625 0.42083333333333334 0.02109375 0.04027777777777778
16 0.23125 0.2777777777777778 0.0171875 0.03194444444444444
16 0.3265625 0.2875 0.0171875 0.03333333333333333
16 0.409375 0.2861111111111111 0.01796875 0.030555555555555555
64 0.4765625 0.42083333333333334 0.02109375 0.04027777777777778
16 0.23125 0.2777777777777778 0.0171875 0.03194444444444444
16 0.3265625 0.2875 0.0171875 0.03333333333333333
16 0.409375 0.2861111111111111 0.01796875 0.030555555555555555
64 0.4765625 0.42083333333333334 0.02109375 0.04027777777777778
