11 0.7859375 0.5055555555555555 0.040625 0.07083333333333333
11 0.0265625 0.5180555555555556 0.0375 0.06527777777777778
11 0.03125 0.45416666666666666 0.0234375 0.06388888888888888
79 0.63828125 0.4486111111111111 0.02890625 0.05277777777777778
11 0.7859375 0.5055555555555555 0.040625 0.07083333333333333
11 0.0265625 0.5180555555555556 0.0375 0.06527777777777778
11 0.03125 0.45416666666666666 0.0234375 0.06388888888888888
79 0.63828125 0.4486111111111111 0.02890625 0.05277777777777778
11 0.7859375 0.5055555555555555 0.040625 0.07083333333333333
11 0.0265625 0.5180555555555556 0.0375 0.06527777777777778
11 0.03125 0.45416666666666666 0.0234375 0.06388888888888888
79 0.63828125 0.4486111111111111 0.02890625 0.05277777777777778
