65 0.21640625 0.24722222222222223 0.03671875 0.059722222222222225
75 0.2109375 0.31666666666666665 0.03515625 0.06111111111111111
71 0.2953125 0.2916666666666667 0.03671875 0.0625
99 0.946875 0.37777777777777777 0.04140625 0.06527777777777778
65 0.21640625 0.24722222222222223 0.03671875 0.059722222222222225
75 0.2109375 0.31666666666666665 0.03515625 0.06111111111111111
71 0.2953125 0.2916666666666667 0.03671875 0.0625
99 0.946875 0.37777777777777777 0.04140625 0.06527777777777778
65 0.21640625 0.24722222222222223 0.03671875 0.059722222222222225
75 0.2109375 0.31666666666666665 0.03515625 0.06111111111111111
71 0.2953125 0.2916666666666667 0.03671875 0.0625
99 0.946875 0.37777777777777777 0.04140625 0.06527777777777778
