0 0.1515625 0.5416666666666666 0.0140625 0.043055555555555555
0 0.61640625 0.5208333333333334 0.01640625 0.03888888888888889
11 0.6671875 0.5083333333333333 0.025 0.04027777777777778
11 0.21875 0.5125 0.02109375 0.034722222222222224
0 0.1515625 0.5416666666666666 0.0140625 0.043055555555555555
0 0.61640625 0.5208333333333334 0.01640625 0.03888888888888889
11 0.6671875 0.5083333333333333 0.025 0.04027777777777778
11 0.21875 0.5125 0.02109375 0.034722222222222224
0 0.1515625 0.5416666666666666 0.0140625 0.043055555555555555
0 0.61640625 0.5208333333333334 0.01640625 0.03888888888888889
11 0.6671875 0.5083333333333333 0.025 0.04027777777777778
11 0.21875 0.5125 0.02109375 0.034722222222222224
