12 0.56953125 0.4861111111111111 0.02265625 0.030555555555555555
37 0.63125 0.30833333333333335 0.03828125 0.058333333333333334
80 0.63203125 0.4041666666666667 0.03203125 0.05277777777777778
79 0.57734375 0.41805555555555557 0.021875 0.034722222222222224
12 0.56953125 0.4861111111111111 0.02265625 0.030555555555555555
37 0.63125 0.30833333333333335 0.03828125 0.058333333333333334
80 0.63203125 0.4041666666666667 0.03203125 0.05277777777777778
79 0.57734375 0.41805555555555557 0.021875 0.034722222222222224
12 0.56953125 0.4861111111111111 0.02265625 0.030555555555555555
37 0.63125 0.30833333333333335 0.03828125 0.058333333333333334
80 0.63203125 0.4041666666666667 0.03203125 0.05277777777777778
79 0.57734375 0.41805555555555557 0.021875 0.034722222222222224
