36 0.721875 0.4097222222222222 0.0140625 0.02638888888888889
24 0.72109375 0.44305555555555554 0.01640625 0.027777777777777776
64 0.9171875 0.3819444444444444 0.0359375 0.06388888888888888
79 0.7234375 0.49027777777777776 0.01640625 0.029166666666666667
36 0.721875 0.4097222222222222 0.0140625 0.02638888888888889
24 0.72109375 0.44305555555555554 0.01640625 0.027777777777777776
64 0.9171875 0.3819444444444444 0.0359375 0.06388888888888888
79 0.7234375 0.49027777777777776 0.01640625 0.029166666666666667
36 0.721875 0.4097222222222222 0.0140625 0.02638888888888889
24 0.72109375 0.44305555555555554 0.01640625 0.027777777777777776
64 0.9171875 0.3819444444444444 0.0359375 0.06388888888888888
79 0.7234375 0.49027777777777776 0.01640625 0.029166666666666667
