0 0.15625 0.43425925925925923 0.0109375 0.030555555555555555
11 0.60625 0.43333333333333335 0.011979166666666667 0.020370370370370372
12 0.6046875 0.41203703703703703 0.009375 0.016666666666666666
37 0.753125 0.36018518518518516 0.021875 0.03611111111111111
80 0.7546875 0.39537037037037037 0.0203125 0.03611111111111111
0 0.15625 0.43425925925925923 0.0109375 0.030555555555555555
11 0.60625 0.43333333333333335 0.011979166666666667 0.020370370370370372
12 0.6046875 0.41203703703703703 0.009375 0.016666666666666666
37 0.753125 0.36018518518518516 0.021875 0.03611111111111111
80 0.7546875 0.39537037037037037 0.0203125 0.03611111111111111
0 0.15625 0.43425925925925923 0.0109375 0.030555555555555555
11 0.60625 0.43333333333333335 0.011979166666666667 0.020370370370370372
12 0.6046875 0.41203703703703703 0.009375 0.016666666666666666
37 0.753125 0.36018518518518516 0.021875 0.03611111111111111
80 0.7546875 0.39537037037037037 0.0203125 0.03611111111111111
