0 0.7453125 0.46574074074074073 0.010416666666666666 0.025
11 0.7151041666666667 0.42685185185185187 0.021354166666666667 0.03981481481481482
11 0.2046875 0.47314814814814815 0.0140625 0.03425925925925926
81 0.3640625 0.5074074074074074 0.009375 0.017592592592592594
81 0.6609375 0.48333333333333334 0.009375 0.016666666666666666
0 0.7453125 0.46574074074074073 0.010416666666666666 0.025
11 0.7151041666666667 0.42685185185185187 0.021354166666666667 0.03981481481481482
11 0.2046875 0.47314814814814815 0.0140625 0.03425925925925926
81 0.3640625 0.5074074074074074 0.009375 0.017592592592592594
81 0.6609375 0.48333333333333334 0.009375 0.016666666666666666
0 0.7453125 0.46574074074074073 0.010416666666666666 0.025
11 0.7151041666666667 0.42685185185185187 0.021354166666666667 0.03981481481481482
11 0.2046875 0.47314814814814815 0.0140625 0.03425925925925926
81 0.3640625 0.5074074074074074 0.009375 0.017592592592592594
81 0.6609375 0.48333333333333334 0.009375 0.016666666666666666
