0 0.60390625 0.6041666666666666 0.0125 0.030555555555555555
11 0.60390625 0.5708333333333333 0.01953125 0.034722222222222224
20 0.603125 0.5416666666666666 0.01328125 0.022222222222222223
11 0.46015625 0.6027777777777777 0.0125 0.02638888888888889
0 0.60390625 0.6041666666666666 0.0125 0.030555555555555555
11 0.60390625 0.5708333333333333 0.01953125 0.034722222222222224
20 0.603125 0.5416666666666666 0.01328125 0.022222222222222223
11 0.46015625 0.6027777777777777 0.0125 0.02638888888888889
0 0.60390625 0.6041666666666666 0.0125 0.030555555555555555
11 0.60390625 0.5708333333333333 0.01953125 0.034722222222222224
20 0.603125 0.5416666666666666 0.01328125 0.022222222222222223
11 0.46015625 0.6027777777777777 0.0125 0.02638888888888889
