11 0.62734375 0.5013888888888889 0.01953125 0.044444444444444446
12 0.80234375 0.3111111111111111 0.053125 0.10694444444444444
12 0.5109375 0.5333333333333333 0.0125 0.022222222222222223
38 0.6234375 0.42083333333333334 0.02578125 0.059722222222222225
11 0.62734375 0.5013888888888889 0.01953125 0.044444444444444446
12 0.80234375 0.3111111111111111 0.053125 0.10694444444444444
12 0.5109375 0.5333333333333333 0.0125 0.022222222222222223
38 0.6234375 0.42083333333333334 0.02578125 0.059722222222222225
11 0.62734375 0.5013888888888889 0.01953125 0.044444444444444446
12 0.80234375 0.3111111111111111 0.053125 0.10694444444444444
12 0.5109375 0.5333333333333333 0.0125 0.022222222222222223
38 0.6234375 0.42083333333333334 0.02578125 0.059722222222222225
