11 0.1921875 0.5458333333333333 0.0171875 0.030555555555555555
11 0.52265625 0.49166666666666664 0.01953125 0.030555555555555555
64 0.54453125 0.4444444444444444 0.0296875 0.05694444444444444
68 0.5453125 0.5 0.02265625 0.041666666666666664
11 0.1921875 0.5458333333333333 0.0171875 0.030555555555555555
11 0.52265625 0.49166666666666664 0.01953125 0.030555555555555555
64 0.54453125 0.4444444444444444 0.0296875 0.05694444444444444
68 0.5453125 0.5 0.02265625 0.041666666666666664
11 0.1921875 0.5458333333333333 0.0171875 0.030555555555555555
11 0.52265625 0.49166666666666664 0.01953125 0.030555555555555555
64 0.54453125 0.4444444444444444 0.0296875 0.05694444444444444
68 0.5453125 0.5 0.02265625 0.041666666666666664
