11 0.3020833333333333 0.4935185185185185 0.016145833333333335 0.028703703703703703
21 0.9484375 0.02962962962962963 0.10208333333333333 0.05925925925925926
11 0.5942708333333333 0.48055555555555557 0.017708333333333333 0.03148148148148148
64 0.9510416666666667 0.14074074074074075 0.09635416666666667 0.1675925925925926
92 0.5432291666666667 0.5444444444444444 0.016145833333333335 0.025925925925925925
11 0.3020833333333333 0.4935185185185185 0.016145833333333335 0.028703703703703703
21 0.9484375 0.02962962962962963 0.10208333333333333 0.05925925925925926
11 0.5942708333333333 0.48055555555555557 0.017708333333333333 0.03148148148148148
64 0.9510416666666667 0.14074074074074075 0.09635416666666667 0.1675925925925926
92 0.5432291666666667 0.5444444444444444 0.016145833333333335 0.025925925925925925
11 0.3020833333333333 0.4935185185185185 0.016145833333333335 0.028703703703703703
21 0.9484375 0.02962962962962963 0.10208333333333333 0.05925925925925926
11 0.5942708333333333 0.48055555555555557 0.017708333333333333 0.03148148148148148
64 0.9510416666666667 0.14074074074074075 0.09635416666666667 0.1675925925925926
92 0.5432291666666667 0.5444444444444444 0.016145833333333335 0.025925925925925925
