11 0.80625 0.33796296296296297 0.03802083333333333 0.07037037037037037
11 0.23385416666666667 0.37962962962962965 0.016666666666666666 0.032407407407407406
11 0.6671875 0.4027777777777778 0.017708333333333333 0.03518518518518519
11 0.0671875 0.4601851851851852 0.0140625 0.03888888888888889
64 0.7994791666666666 0.1648148148148148 0.04739583333333333 0.0824074074074074
11 0.80625 0.33796296296296297 0.03802083333333333 0.07037037037037037
11 0.23385416666666667 0.37962962962962965 0.016666666666666666 0.032407407407407406
11 0.6671875 0.4027777777777778 0.017708333333333333 0.03518518518518519
11 0.0671875 0.4601851851851852 0.0140625 0.03888888888888889
64 0.7994791666666666 0.1648148148148148 0.04739583333333333 0.0824074074074074
11 0.80625 0.33796296296296297 0.03802083333333333 0.07037037037037037
11 0.23385416666666667 0.37962962962962965 0.016666666666666666 0.032407407407407406
11 0.6671875 0.4027777777777778 0.017708333333333333 0.03518518518518519
11 0.0671875 0.4601851851851852 0.0140625 0.03888888888888889
64 0.7994791666666666 0.1648148148148148 0.04739583333333333 0.0824074074074074
