11 0.15520833333333334 0.462037037037037 0.017708333333333333 0.030555555555555555
11 0.3546875 0.5083333333333333 0.011979166666666667 0.017592592592592594
11 0.5473958333333333 0.4962962962962963 0.011458333333333333 0.019444444444444445
21 0.5994791666666667 0.3861111111111111 0.03229166666666667 0.018518518518518517
64 0.5979166666666667 0.4222222222222222 0.030208333333333334 0.05092592592592592
11 0.15520833333333334 0.462037037037037 0.017708333333333333 0.030555555555555555
11 0.3546875 0.5083333333333333 0.011979166666666667 0.017592592592592594
11 0.5473958333333333 0.4962962962962963 0.011458333333333333 0.019444444444444445
21 0.5994791666666667 0.3861111111111111 0.03229166666666667 0.018518518518518517
64 0.5979166666666667 0.4222222222222222 0.030208333333333334 0.05092592592592592
11 0.15520833333333334 0.462037037037037 0.017708333333333333 0.030555555555555555
11 0.3546875 0.5083333333333333 0.011979166666666667 0.017592592592592594
11 0.5473958333333333 0.4962962962962963 0.011458333333333333 0.019444444444444445
21 0.5994791666666667 0.3861111111111111 0.03229166666666667 0.018518518518518517
64 0.5979166666666667 0.4222222222222222 0.030208333333333334 0.05092592592592592
