6 0.36484375 0.4861111111111111 0.015625 0.041666666666666664
6 0.69375 0.49722222222222223 0.01640625 0.03888888888888889
32 0.69296875 0.4625 0.015625 0.02638888888888889
32 0.36484375 0.4486111111111111 0.01484375 0.029166666666666667
6 0.36484375 0.4861111111111111 0.015625 0.041666666666666664
6 0.69375 0.49722222222222223 0.01640625 0.03888888888888889
32 0.69296875 0.4625 0.015625 0.02638888888888889
32 0.36484375 0.4486111111111111 0.01484375 0.029166666666666667
6 0.36484375 0.4861111111111111 0.015625 0.041666666666666664
6 0.69375 0.49722222222222223 0.01640625 0.03888888888888889
32 0.69296875 0.4625 0.015625 0.02638888888888889
32 0.36484375 0.4486111111111111 0.01484375 0.029166666666666667
