11 0.8984375 0.4375 0.01796875 0.04722222222222222
44 0.6 0.46111111111111114 0.01875 0.03194444444444444
64 0.778125 0.4 0.04375 0.07916666666666666
64 0.53984375 0.46944444444444444 0.01484375 0.025
11 0.8984375 0.4375 0.01796875 0.04722222222222222
44 0.6 0.46111111111111114 0.01875 0.03194444444444444
64 0.778125 0.4 0.04375 0.07916666666666666
64 0.53984375 0.46944444444444444 0.01484375 0.025
11 0.8984375 0.4375 0.01796875 0.04722222222222222
44 0.6 0.46111111111111114 0.01875 0.03194444444444444
64 0.778125 0.4 0.04375 0.07916666666666666
64 0.53984375 0.46944444444444444 0.01484375 0.025
