56 0.51875 0.4486111111111111 0.01640625 0.02361111111111111
41 0.62421875 0.5319444444444444 0.028125 0.044444444444444446
73 0.5921875 0.5319444444444444 0.025 0.043055555555555555
70 0.37109375 0.5152777777777777 0.015625 0.02638888888888889
70 0.35703125 0.5166666666666667 0.01328125 0.02361111111111111
56 0.51875 0.4486111111111111 0.01640625 0.02361111111111111
41 0.62421875 0.5319444444444444 0.028125 0.044444444444444446
73 0.5921875 0.5319444444444444 0.025 0.043055555555555555
70 0.37109375 0.5152777777777777 0.015625 0.02638888888888889
70 0.35703125 0.5166666666666667 0.01328125 0.02361111111111111
56 0.51875 0.4486111111111111 0.01640625 0.02361111111111111
41 0.62421875 0.5319444444444444 0.028125 0.044444444444444446
73 0.5921875 0.5319444444444444 0.025 0.043055555555555555
70 0.37109375 0.5152777777777777 0.015625 0.02638888888888889
70 0.35703125 0.5166666666666667 0.01328125 0.02361111111111111
