11 0.6416666666666667 0.362962962962963 0.016145833333333335 0.025925925925925925
11 0.29322916666666665 0.4212962962962963 0.015104166666666667 0.026851851851851852
12 0.5427083333333333 0.4388888888888889 0.008333333333333333 0.017592592592592594
82 0.2671875 0.4111111111111111 0.013020833333333334 0.027777777777777776
11 0.6416666666666667 0.362962962962963 0.016145833333333335 0.025925925925925925
11 0.29322916666666665 0.4212962962962963 0.015104166666666667 0.026851851851851852
12 0.5427083333333333 0.4388888888888889 0.008333333333333333 0.017592592592592594
82 0.2671875 0.4111111111111111 0.013020833333333334 0.027777777777777776
11 0.6416666666666667 0.362962962962963 0.016145833333333335 0.025925925925925925
11 0.29322916666666665 0.4212962962962963 0.015104166666666667 0.026851851851851852
12 0.5427083333333333 0.4388888888888889 0.008333333333333333 0.017592592592592594
82 0.2671875 0.4111111111111111 0.013020833333333334 0.027777777777777776
