17 0.38645833333333335 0.39814814814814814 0.014583333333333334 0.030555555555555555
17 0.6989583333333333 0.41388888888888886 0.019270833333333334 0.03425925925925926
11 0.6875 0.3537037037037037 0.0140625 0.025
87 0.3859375 0.36574074074074076 0.015625 0.026851851851851852
87 0.6984375 0.37222222222222223 0.0203125 0.03425925925925926
17 0.38645833333333335 0.39814814814814814 0.014583333333333334 0.030555555555555555
17 0.6989583333333333 0.41388888888888886 0.019270833333333334 0.03425925925925926
11 0.6875 0.3537037037037037 0.0140625 0.025
87 0.3859375 0.36574074074074076 0.015625 0.026851851851851852
87 0.6984375 0.37222222222222223 0.0203125 0.03425925925925926
17 0.38645833333333335 0.39814814814814814 0.014583333333333334 0.030555555555555555
17 0.6989583333333333 0.41388888888888886 0.019270833333333334 0.03425925925925926
11 0.6875 0.3537037037037037 0.0140625 0.025
87 0.3859375 0.36574074074074076 0.015625 0.026851851851851852
87 0.6984375 0.37222222222222223 0.0203125 0.03425925925925926
