11 0.022395833333333334 0.41944444444444445 0.019791666666666666 0.041666666666666664
11 0.19791666666666666 0.4185185185185185 0.021354166666666667 0.03796296296296296
11 0.6651041666666667 0.2175925925925926 0.0296875 0.05092592592592592
11 0.2921875 0.375 0.025 0.044444444444444446
11 0.022395833333333334 0.41944444444444445 0.019791666666666666 0.041666666666666664
11 0.19791666666666666 0.4185185185185185 0.021354166666666667 0.03796296296296296
11 0.6651041666666667 0.2175925925925926 0.0296875 0.05092592592592592
11 0.2921875 0.375 0.025 0.044444444444444446
11 0.022395833333333334 0.41944444444444445 0.019791666666666666 0.041666666666666664
11 0.19791666666666666 0.4185185185185185 0.021354166666666667 0.03796296296296296
11 0.6651041666666667 0.2175925925925926 0.0296875 0.05092592592592592
11 0.2921875 0.375 0.025 0.044444444444444446
