16 0.15625 0.20416666666666666 0.01953125 0.03333333333333333
16 0.25390625 0.21388888888888888 0.02109375 0.0375
16 0.35390625 0.2111111111111111 0.02109375 0.0375
16 0.46953125 0.20555555555555555 0.021875 0.04027777777777778
64 0.55546875 0.45416666666666666 0.01875 0.044444444444444446
16 0.15625 0.20416666666666666 0.01953125 0.03333333333333333
16 0.25390625 0.21388888888888888 0.02109375 0.0375
16 0.35390625 0.2111111111111111 0.02109375 0.0375
16 0.46953125 0.20555555555555555 0.021875 0.04027777777777778
64 0.55546875 0.45416666666666666 0.01875 0.044444444444444446
16 0.15625 0.20416666666666666 0.01953125 0.03333333333333333
16 0.25390625 0.21388888888888888 0.02109375 0.0375
16 0.35390625 0.2111111111111111 0.02109375 0.0375
16 0.46953125 0.20555555555555555 0.021875 0.04027777777777778
64 0.55546875 0.45416666666666666 0.01875 0.044444444444444446
