11 0.13020833333333334 0.4388888888888889 0.013541666666666667 0.027777777777777776
11 0.6666666666666666 0.43703703703703706 0.0171875 0.02962962962962963
11 0.2786458333333333 0.4675925925925926 0.009895833333333333 0.01574074074074074
66 0.6989583333333333 0.3490740740740741 0.022916666666666665 0.03888888888888889
11 0.13020833333333334 0.4388888888888889 0.013541666666666667 0.027777777777777776
11 0.6666666666666666 0.43703703703703706 0.0171875 0.02962962962962963
11 0.2786458333333333 0.4675925925925926 0.009895833333333333 0.01574074074074074
66 0.6989583333333333 0.3490740740740741 0.022916666666666665 0.03888888888888889
11 0.13020833333333334 0.4388888888888889 0.013541666666666667 0.027777777777777776
11 0.6666666666666666 0.43703703703703706 0.0171875 0.02962962962962963
11 0.2786458333333333 0.4675925925925926 0.009895833333333333 0.01574074074074074
66 0.6989583333333333 0.3490740740740741 0.022916666666666665 0.03888888888888889
