13 0.584375 0.3736111111111111 0.015625 0.027777777777777776
16 0.35625 0.23194444444444445 0.015625 0.025
16 0.4296875 0.2388888888888889 0.0140625 0.025
16 0.5015625 0.23472222222222222 0.01328125 0.02361111111111111
41 0.57890625 0.4083333333333333 0.01328125 0.025
13 0.584375 0.3736111111111111 0.015625 0.027777777777777776
16 0.35625 0.23194444444444445 0.015625 0.025
16 0.4296875 0.2388888888888889 0.0140625 0.025
16 0.5015625 0.23472222222222222 0.01328125 0.02361111111111111
41 0.57890625 0.4083333333333333 0.01328125 0.025
13 0.584375 0.3736111111111111 0.015625 0.027777777777777776
16 0.35625 0.23194444444444445 0.015625 0.025
16 0.4296875 0.2388888888888889 0.0140625 0.025
16 0.5015625 0.23472222222222222 0.01328125 0.02361111111111111
41 0.57890625 0.4083333333333333 0.01328125 0.025
