4 0.540625 0.45 0.009375 0.025
79 0.6822916666666666 0.3962962962962963 0.025520833333333333 0.046296296296296294
91 0.6901041666666666 0.3527777777777778 0.021875 0.037037037037037035
78 0.21302083333333333 0.4935185185185185 0.009895833333333333 0.019444444444444445
4 0.540625 0.45 0.009375 0.025
79 0.6822916666666666 0.3962962962962963 0.025520833333333333 0.046296296296296294
91 0.6901041666666666 0.3527777777777778 0.021875 0.037037037037037035
78 0.21302083333333333 0.4935185185185185 0.009895833333333333 0.019444444444444445
4 0.540625 0.45 0.009375 0.025
79 0.6822916666666666 0.3962962962962963 0.025520833333333333 0.046296296296296294
91 0.6901041666666666 0.3527777777777778 0.021875 0.037037037037037035
78 0.21302083333333333 0.4935185185185185 0.009895833333333333 0.019444444444444445
