0 0.20520833333333333 0.4722222222222222 0.0125 0.02962962962962963
0 0.6010416666666667 0.4638888888888889 0.009375 0.024074074074074074
11 0.24635416666666668 0.48703703703703705 0.0109375 0.022222222222222223
11 0.621875 0.45555555555555555 0.0125 0.024074074074074074
0 0.20520833333333333 0.4722222222222222 0.0125 0.02962962962962963
0 0.6010416666666667 0.4638888888888889 0.009375 0.024074074074074074
11 0.24635416666666668 0.48703703703703705 0.0109375 0.022222222222222223
11 0.621875 0.45555555555555555 0.0125 0.024074074074074074
0 0.20520833333333333 0.4722222222222222 0.0125 0.02962962962962963
0 0.6010416666666667 0.4638888888888889 0.009375 0.024074074074074074
11 0.24635416666666668 0.48703703703703705 0.0109375 0.022222222222222223
11 0.621875 0.45555555555555555 0.0125 0.024074074074074074
