11 0.19427083333333334 0.3990740740740741 0.016666666666666666 0.030555555555555555
11 0.6661458333333333 0.42407407407407405 0.0234375 0.03981481481481482
11 0.9505208333333334 0.25925925925925924 0.044270833333333336 0.08518518518518518
11 0.8984375 0.2814814814814815 0.016145833333333335 0.04814814814814815
11 0.19427083333333334 0.3990740740740741 0.016666666666666666 0.030555555555555555
11 0.6661458333333333 0.42407407407407405 0.0234375 0.03981481481481482
11 0.9505208333333334 0.25925925925925924 0.044270833333333336 0.08518518518518518
11 0.8984375 0.2814814814814815 0.016145833333333335 0.04814814814814815
11 0.19427083333333334 0.3990740740740741 0.016666666666666666 0.030555555555555555
11 0.6661458333333333 0.42407407407407405 0.0234375 0.03981481481481482
11 0.9505208333333334 0.25925925925925924 0.044270833333333336 0.08518518518518518
11 0.8984375 0.2814814814814815 0.016145833333333335 0.04814814814814815
