11 0.5713541666666667 0.3712962962962963 0.017708333333333333 0.032407407407407406
17 0.5520833333333334 0.38333333333333336 0.017708333333333333 0.03148148148148148
11 0.5921875 0.4212962962962963 0.008854166666666666 0.027777777777777776
11 0.2984375 0.36574074074074076 0.011979166666666667 0.030555555555555555
11 0.5713541666666667 0.3712962962962963 0.017708333333333333 0.032407407407407406
17 0.5520833333333334 0.38333333333333336 0.017708333333333333 0.03148148148148148
11 0.5921875 0.4212962962962963 0.008854166666666666 0.027777777777777776
11 0.2984375 0.36574074074074076 0.011979166666666667 0.030555555555555555
11 0.5713541666666667 0.3712962962962963 0.017708333333333333 0.032407407407407406
17 0.5520833333333334 0.38333333333333336 0.017708333333333333 0.03148148148148148
11 0.5921875 0.4212962962962963 0.008854166666666666 0.027777777777777776
11 0.2984375 0.36574074074074076 0.011979166666666667 0.030555555555555555
