6 0.57734375 0.4625 0.0171875 0.041666666666666664
11 0.2109375 0.48194444444444445 0.0140625 0.025
11 0.5078125 0.5027777777777778 0.01484375 0.027777777777777776
64 0.50859375 0.475 0.01640625 0.027777777777777776
6 0.57734375 0.4625 0.0171875 0.041666666666666664
11 0.2109375 0.48194444444444445 0.0140625 0.025
11 0.5078125 0.5027777777777778 0.01484375 0.027777777777777776
64 0.50859375 0.475 0.01640625 0.027777777777777776
6 0.57734375 0.4625 0.0171875 0.041666666666666664
11 0.2109375 0.48194444444444445 0.0140625 0.025
11 0.5078125 0.5027777777777778 0.01484375 0.027777777777777776
64 0.50859375 0.475 0.01640625 0.027777777777777776
