4 0.6234375 0.46111111111111114 0.01484375 0.03888888888888889
11 0.60234375 0.45 0.01484375 0.025
11 0.2171875 0.49027777777777776 0.01875 0.03194444444444444
64 0.62421875 0.41805555555555557 0.02109375 0.03611111111111111
4 0.6234375 0.46111111111111114 0.01484375 0.03888888888888889
11 0.60234375 0.45 0.01484375 0.025
11 0.2171875 0.49027777777777776 0.01875 0.03194444444444444
64 0.62421875 0.41805555555555557 0.02109375 0.03611111111111111
4 0.6234375 0.46111111111111114 0.01484375 0.03888888888888889
11 0.60234375 0.45 0.01484375 0.025
11 0.2171875 0.49027777777777776 0.01875 0.03194444444444444
64 0.62421875 0.41805555555555557 0.02109375 0.03611111111111111
