65 0.77109375 0.3972222222222222 0.028125 0.05277777777777778
64 0.1578125 0.4486111111111111 0.01875 0.059722222222222225
66 0.77109375 0.49027777777777776 0.0234375 0.041666666666666664
73 0.1578125 0.4027777777777778 0.0203125 0.029166666666666667
65 0.77109375 0.3972222222222222 0.028125 0.05277777777777778
64 0.1578125 0.4486111111111111 0.01875 0.059722222222222225
66 0.77109375 0.49027777777777776 0.0234375 0.041666666666666664
73 0.1578125 0.4027777777777778 0.0203125 0.029166666666666667
65 0.77109375 0.3972222222222222 0.028125 0.05277777777777778
64 0.1578125 0.4486111111111111 0.01875 0.059722222222222225
66 0.77109375 0.49027777777777776 0.0234375 0.041666666666666664
73 0.1578125 0.4027777777777778 0.0203125 0.029166666666666667
