16 0.65234375 0.3611111111111111 0.01640625 0.027777777777777776
16 0.70390625 0.375 0.01484375 0.02638888888888889
16 0.75078125 0.38055555555555554 0.01484375 0.025
16 0.3703125 0.3388888888888889 0.01328125 0.02361111111111111
64 0.46796875 0.46111111111111114 0.0140625 0.02638888888888889
16 0.65234375 0.3611111111111111 0.01640625 0.027777777777777776
16 0.70390625 0.375 0.01484375 0.02638888888888889
16 0.75078125 0.38055555555555554 0.01484375 0.025
16 0.3703125 0.3388888888888889 0.01328125 0.02361111111111111
64 0.46796875 0.46111111111111114 0.0140625 0.02638888888888889
16 0.65234375 0.3611111111111111 0.01640625 0.027777777777777776
16 0.70390625 0.375 0.01484375 0.02638888888888889
16 0.75078125 0.38055555555555554 0.01484375 0.025
16 0.3703125 0.3388888888888889 0.01328125 0.02361111111111111
64 0.46796875 0.46111111111111114 0.0140625 0.02638888888888889
