11 0.575 0.4666666666666667 0.0140625 0.02638888888888889
11 0.575 0.49444444444444446 0.0140625 0.025
11 0.534375 0.4875 0.01328125 0.025
11 0.2953125 0.45555555555555555 0.0140625 0.02638888888888889
11 0.575 0.4666666666666667 0.0140625 0.02638888888888889
11 0.575 0.49444444444444446 0.0140625 0.025
11 0.534375 0.4875 0.01328125 0.025
11 0.2953125 0.45555555555555555 0.0140625 0.02638888888888889
11 0.575 0.4666666666666667 0.0140625 0.02638888888888889
11 0.575 0.49444444444444446 0.0140625 0.025
11 0.534375 0.4875 0.01328125 0.025
11 0.2953125 0.45555555555555555 0.0140625 0.02638888888888889
