41 0.67890625 0.5958333333333333 0.02421875 0.03888888888888889
41 0.65390625 0.5263888888888889 0.01640625 0.02638888888888889
56 0.65625 0.5513888888888889 0.01484375 0.02361111111111111
41 0.3375 0.4930555555555556 0.01875 0.03333333333333333
73 0.61015625 0.5972222222222222 0.01640625 0.04027777777777778
81 0.65546875 0.575 0.0125 0.022222222222222223
41 0.67890625 0.5958333333333333 0.02421875 0.03888888888888889
41 0.65390625 0.5263888888888889 0.01640625 0.02638888888888889
56 0.65625 0.5513888888888889 0.01484375 0.02361111111111111
41 0.3375 0.4930555555555556 0.01875 0.03333333333333333
73 0.61015625 0.5972222222222222 0.01640625 0.04027777777777778
81 0.65546875 0.575 0.0125 0.022222222222222223
41 0.67890625 0.5958333333333333 0.02421875 0.03888888888888889
41 0.65390625 0.5263888888888889 0.01640625 0.02638888888888889
56 0.65625 0.5513888888888889 0.01484375 0.02361111111111111
41 0.3375 0.4930555555555556 0.01875 0.03333333333333333
73 0.61015625 0.5972222222222222 0.01640625 0.04027777777777778
81 0.65546875 0.575 0.0125 0.022222222222222223
