0 0.5442708333333334 0.4546296296296296 0.011979166666666667 0.03148148148148148
11 0.25625 0.40185185185185185 0.0234375 0.03888888888888889
11 0.6776041666666667 0.3592592592592593 0.028125 0.04722222222222222
66 0.3703125 0.42685185185185187 0.008854166666666666 0.020370370370370372
0 0.5442708333333334 0.4546296296296296 0.011979166666666667 0.03148148148148148
11 0.25625 0.40185185185185185 0.0234375 0.03888888888888889
11 0.6776041666666667 0.3592592592592593 0.028125 0.04722222222222222
66 0.3703125 0.42685185185185187 0.008854166666666666 0.020370370370370372
0 0.5442708333333334 0.4546296296296296 0.011979166666666667 0.03148148148148148
11 0.25625 0.40185185185185185 0.0234375 0.03888888888888889
11 0.6776041666666667 0.3592592592592593 0.028125 0.04722222222222222
66 0.3703125 0.42685185185185187 0.008854166666666666 0.020370370370370372
