12 0.6416666666666667 0.29074074074074074 0.03854166666666667 0.07037037037037037
11 0.5239583333333333 0.3851851851851852 0.011979166666666667 0.020370370370370372
11 0.353125 0.38425925925925924 0.010416666666666666 0.019444444444444445
64 0.5229166666666667 0.35555555555555557 0.017708333333333333 0.028703703703703703
12 0.6416666666666667 0.29074074074074074 0.03854166666666667 0.07037037037037037
11 0.5239583333333333 0.3851851851851852 0.011979166666666667 0.020370370370370372
11 0.353125 0.38425925925925924 0.010416666666666666 0.019444444444444445
64 0.5229166666666667 0.35555555555555557 0.017708333333333333 0.028703703703703703
12 0.6416666666666667 0.29074074074074074 0.03854166666666667 0.07037037037037037
11 0.5239583333333333 0.3851851851851852 0.011979166666666667 0.020370370370370372
11 0.353125 0.38425925925925924 0.010416666666666666 0.019444444444444445
64 0.5229166666666667 0.35555555555555557 0.017708333333333333 0.028703703703703703
