11 0.56484375 0.475 0.0140625 0.02361111111111111
11 0.134375 0.41805555555555557 0.02109375 0.0375
11 0.3125 0.48055555555555557 0.0140625 0.02638888888888889
11 0.04765625 0.44166666666666665 0.015625 0.04027777777777778
87 0.621875 0.42083333333333334 0.02578125 0.04722222222222222
11 0.56484375 0.475 0.0140625 0.02361111111111111
11 0.134375 0.41805555555555557 0.02109375 0.0375
11 0.3125 0.48055555555555557 0.0140625 0.02638888888888889
11 0.04765625 0.44166666666666665 0.015625 0.04027777777777778
87 0.621875 0.42083333333333334 0.02578125 0.04722222222222222
11 0.56484375 0.475 0.0140625 0.02361111111111111
11 0.134375 0.41805555555555557 0.02109375 0.0375
11 0.3125 0.48055555555555557 0.0140625 0.02638888888888889
11 0.04765625 0.44166666666666665 0.015625 0.04027777777777778
87 0.621875 0.42083333333333334 0.02578125 0.04722222222222222
