11 0.521875 0.5361111111111111 0.0171875 0.03333333333333333
12 0.4859375 0.5666666666666667 0.0140625 0.02361111111111111
12 0.303125 0.5694444444444444 0.0140625 0.025
11 0.27421875 0.5569444444444445 0.0140625 0.02638888888888889
11 0.521875 0.5361111111111111 0.0171875 0.03333333333333333
12 0.4859375 0.5666666666666667 0.0140625 0.02361111111111111
12 0.303125 0.5694444444444444 0.0140625 0.025
11 0.27421875 0.5569444444444445 0.0140625 0.02638888888888889
11 0.521875 0.5361111111111111 0.0171875 0.03333333333333333
12 0.4859375 0.5666666666666667 0.0140625 0.02361111111111111
12 0.303125 0.5694444444444444 0.0140625 0.025
11 0.27421875 0.5569444444444445 0.0140625 0.02638888888888889
