11 0.7375 0.44166666666666665 0.015625 0.034722222222222224
11 0.5546875 0.4583333333333333 0.0125 0.025
11 0.2734375 0.4375 0.01328125 0.02638888888888889
11 0.121875 0.4152777777777778 0.0125 0.03333333333333333
11 0.7375 0.44166666666666665 0.015625 0.034722222222222224
11 0.5546875 0.4583333333333333 0.0125 0.025
11 0.2734375 0.4375 0.01328125 0.02638888888888889
11 0.121875 0.4152777777777778 0.0125 0.03333333333333333
11 0.7375 0.44166666666666665 0.015625 0.034722222222222224
11 0.5546875 0.4583333333333333 0.0125 0.025
11 0.2734375 0.4375 0.01328125 0.02638888888888889
11 0.121875 0.4152777777777778 0.0125 0.03333333333333333
