0 0.190625 0.45 0.011979166666666667 0.028703703703703703
11 0.5447916666666667 0.42407407407407405 0.019791666666666666 0.03888888888888889
12 0.5458333333333333 0.4564814814814815 0.0140625 0.026851851851851852
11 0.22916666666666666 0.4527777777777778 0.0109375 0.02962962962962963
12 0.19114583333333332 0.48333333333333334 0.014583333333333334 0.03148148148148148
0 0.190625 0.45 0.011979166666666667 0.028703703703703703
11 0.5447916666666667 0.42407407407407405 0.019791666666666666 0.03888888888888889
12 0.5458333333333333 0.4564814814814815 0.0140625 0.026851851851851852
11 0.22916666666666666 0.4527777777777778 0.0109375 0.02962962962962963
12 0.19114583333333332 0.48333333333333334 0.014583333333333334 0.03148148148148148
0 0.190625 0.45 0.011979166666666667 0.028703703703703703
11 0.5447916666666667 0.42407407407407405 0.019791666666666666 0.03888888888888889
12 0.5458333333333333 0.4564814814814815 0.0140625 0.026851851851851852
11 0.22916666666666666 0.4527777777777778 0.0109375 0.02962962962962963
12 0.19114583333333332 0.48333333333333334 0.014583333333333334 0.03148148148148148
