16 0.0625 0.35833333333333334 0.0125 0.02638888888888889
16 0.13515625 0.36666666666666664 0.0125 0.025
16 0.20859375 0.36944444444444446 0.01328125 0.02638888888888889
16 0.28984375 0.3680555555555556 0.0140625 0.02638888888888889
16 0.36875 0.36527777777777776 0.01328125 0.025
16 0.44375 0.35833333333333334 0.015625 0.02361111111111111
16 0.53359375 0.34444444444444444 0.0171875 0.029166666666666667
16 0.0625 0.35833333333333334 0.0125 0.02638888888888889
16 0.13515625 0.36666666666666664 0.0125 0.025
16 0.20859375 0.36944444444444446 0.01328125 0.02638888888888889
16 0.28984375 0.3680555555555556 0.0140625 0.02638888888888889
16 0.36875 0.36527777777777776 0.01328125 0.025
16 0.44375 0.35833333333333334 0.015625 0.02361111111111111
16 0.53359375 0.34444444444444444 0.0171875 0.029166666666666667
16 0.0625 0.35833333333333334 0.0125 0.02638888888888889
16 0.13515625 0.36666666666666664 0.0125 0.025
16 0.20859375 0.36944444444444446 0.01328125 0.02638888888888889
16 0.28984375 0.3680555555555556 0.0140625 0.02638888888888889
16 0.36875 0.36527777777777776 0.01328125 0.025
16 0.44375 0.35833333333333334 0.015625 0.02361111111111111
16 0.53359375 0.34444444444444444 0.0171875 0.029166666666666667
