11 0.32395833333333335 0.34814814814814815 0.025 0.041666666666666664
11 0.6109375 0.462037037037037 0.013020833333333334 0.024074074074074074
11 0.4005208333333333 0.4537037037037037 0.0140625 0.026851851851851852
11 0.7234375 0.43333333333333335 0.027083333333333334 0.046296296296296294
64 0.7255208333333333 0.3768518518518518 0.035416666666666666 0.062037037037037036
11 0.32395833333333335 0.34814814814814815 0.025 0.041666666666666664
11 0.6109375 0.462037037037037 0.013020833333333334 0.024074074074074074
11 0.4005208333333333 0.4537037037037037 0.0140625 0.026851851851851852
11 0.7234375 0.43333333333333335 0.027083333333333334 0.046296296296296294
64 0.7255208333333333 0.3768518518518518 0.035416666666666666 0.062037037037037036
11 0.32395833333333335 0.34814814814814815 0.025 0.041666666666666664
11 0.6109375 0.462037037037037 0.013020833333333334 0.024074074074074074
11 0.4005208333333333 0.4537037037037037 0.0140625 0.026851851851851852
11 0.7234375 0.43333333333333335 0.027083333333333334 0.046296296296296294
64 0.7255208333333333 0.3768518518518518 0.035416666666666666 0.062037037037037036
