20 0.6020833333333333 0.45 0.015625 0.026851851851851852
11 0.6015625 0.48055555555555557 0.016145833333333335 0.026851851851851852
11 0.271875 0.46111111111111114 0.016666666666666666 0.027777777777777776
11 0.7786458333333334 0.45925925925925926 0.013541666666666667 0.032407407407407406
11 0.05677083333333333 0.45925925925925926 0.0171875 0.03518518518518519
99 0.0578125 0.42314814814814816 0.015625 0.030555555555555555
20 0.6020833333333333 0.45 0.015625 0.026851851851851852
11 0.6015625 0.48055555555555557 0.016145833333333335 0.026851851851851852
11 0.271875 0.46111111111111114 0.016666666666666666 0.027777777777777776
11 0.7786458333333334 0.45925925925925926 0.013541666666666667 0.032407407407407406
11 0.05677083333333333 0.45925925925925926 0.0171875 0.03518518518518519
99 0.0578125 0.42314814814814816 0.015625 0.030555555555555555
20 0.6020833333333333 0.45 0.015625 0.026851851851851852
11 0.6015625 0.48055555555555557 0.016145833333333335 0.026851851851851852
11 0.271875 0.46111111111111114 0.016666666666666666 0.027777777777777776
11 0.7786458333333334 0.45925925925925926 0.013541666666666667 0.032407407407407406
11 0.05677083333333333 0.45925925925925926 0.0171875 0.03518518518518519
99 0.0578125 0.42314814814814816 0.015625 0.030555555555555555
