11 0.3338541666666667 0.4898148148148148 0.014583333333333334 0.02962962962962963
11 0.4348958333333333 0.5277777777777778 0.011979166666666667 0.020370370370370372
11 0.5348958333333333 0.5175925925925926 0.016145833333333335 0.025
17 0.5354166666666667 0.5444444444444444 0.013020833333333334 0.024074074074074074
87 0.33541666666666664 0.462037037037037 0.013020833333333334 0.023148148148148147
87 0.5359375 0.49166666666666664 0.013020833333333334 0.024074074074074074
11 0.3338541666666667 0.4898148148148148 0.014583333333333334 0.02962962962962963
11 0.4348958333333333 0.5277777777777778 0.011979166666666667 0.020370370370370372
11 0.5348958333333333 0.5175925925925926 0.016145833333333335 0.025
17 0.5354166666666667 0.5444444444444444 0.013020833333333334 0.024074074074074074
87 0.33541666666666664 0.462037037037037 0.013020833333333334 0.023148148148148147
87 0.5359375 0.49166666666666664 0.013020833333333334 0.024074074074074074
11 0.3338541666666667 0.4898148148148148 0.014583333333333334 0.02962962962962963
11 0.4348958333333333 0.5277777777777778 0.011979166666666667 0.020370370370370372
11 0.5348958333333333 0.5175925925925926 0.016145833333333335 0.025
17 0.5354166666666667 0.5444444444444444 0.013020833333333334 0.024074074074074074
87 0.33541666666666664 0.462037037037037 0.013020833333333334 0.023148148148148147
87 0.5359375 0.49166666666666664 0.013020833333333334 0.024074074074074074
