0 0.6921875 0.5 0.028125 0.07916666666666666
64 0.5125 0.5333333333333333 0.01796875 0.03333333333333333
75 0.5390625 0.5125 0.01640625 0.029166666666666667
75 0.5140625 0.5638888888888889 0.015625 0.02638888888888889
0 0.6921875 0.5 0.028125 0.07916666666666666
64 0.5125 0.5333333333333333 0.01796875 0.03333333333333333
75 0.5390625 0.5125 0.01640625 0.029166666666666667
75 0.5140625 0.5638888888888889 0.015625 0.02638888888888889
0 0.6921875 0.5 0.028125 0.07916666666666666
64 0.5125 0.5333333333333333 0.01796875 0.03333333333333333
75 0.5390625 0.5125 0.01640625 0.029166666666666667
75 0.5140625 0.5638888888888889 0.015625 0.02638888888888889
