16 0.059375 0.07083333333333333 0.0328125 0.05555555555555555
16 0.23828125 0.05277777777777778 0.03515625 0.059722222222222225
64 0.6875 0.25 0.04609375 0.075
71 0.63125 0.4875 0.0140625 0.025
16 0.059375 0.07083333333333333 0.0328125 0.05555555555555555
16 0.23828125 0.05277777777777778 0.03515625 0.059722222222222225
64 0.6875 0.25 0.04609375 0.075
71 0.63125 0.4875 0.0140625 0.025
16 0.059375 0.07083333333333333 0.0328125 0.05555555555555555
16 0.23828125 0.05277777777777778 0.03515625 0.059722222222222225
64 0.6875 0.25 0.04609375 0.075
71 0.63125 0.4875 0.0140625 0.025
