0 0.12395833333333334 0.49166666666666664 0.011979166666666667 0.030555555555555555
11 0.5333333333333333 0.4962962962962963 0.009895833333333333 0.016666666666666666
11 0.5182291666666666 0.5416666666666666 0.0109375 0.019444444444444445
11 0.20416666666666666 0.5018518518518519 0.009375 0.016666666666666666
11 0.2708333333333333 0.5120370370370371 0.011458333333333333 0.020370370370370372
64 0.5421875 0.4722222222222222 0.016145833333333335 0.026851851851851852
0 0.12395833333333334 0.49166666666666664 0.011979166666666667 0.030555555555555555
11 0.5333333333333333 0.4962962962962963 0.009895833333333333 0.016666666666666666
11 0.5182291666666666 0.5416666666666666 0.0109375 0.019444444444444445
11 0.20416666666666666 0.5018518518518519 0.009375 0.016666666666666666
11 0.2708333333333333 0.5120370370370371 0.011458333333333333 0.020370370370370372
64 0.5421875 0.4722222222222222 0.016145833333333335 0.026851851851851852
0 0.12395833333333334 0.49166666666666664 0.011979166666666667 0.030555555555555555
11 0.5333333333333333 0.4962962962962963 0.009895833333333333 0.016666666666666666
11 0.5182291666666666 0.5416666666666666 0.0109375 0.019444444444444445
11 0.20416666666666666 0.5018518518518519 0.009375 0.016666666666666666
11 0.2708333333333333 0.5120370370370371 0.011458333333333333 0.020370370370370372
64 0.5421875 0.4722222222222222 0.016145833333333335 0.026851851851851852
