16 0.453125 0.24861111111111112 0.02421875 0.04583333333333333
16 0.59453125 0.24722222222222223 0.025 0.04583333333333333
16 0.8015625 0.24722222222222223 0.02421875 0.043055555555555555
69 0.9546875 0.38055555555555554 0.028125 0.05
95 0.69921875 0.24722222222222223 0.02421875 0.043055555555555555
16 0.453125 0.24861111111111112 0.02421875 0.04583333333333333
16 0.59453125 0.24722222222222223 0.025 0.04583333333333333
16 0.8015625 0.24722222222222223 0.02421875 0.043055555555555555
69 0.9546875 0.38055555555555554 0.028125 0.05
95 0.69921875 0.24722222222222223 0.02421875 0.043055555555555555
16 0.453125 0.24861111111111112 0.02421875 0.04583333333333333
16 0.59453125 0.24722222222222223 0.025 0.04583333333333333
16 0.8015625 0.24722222222222223 0.02421875 0.043055555555555555
69 0.9546875 0.38055555555555554 0.028125 0.05
95 0.69921875 0.24722222222222223 0.02421875 0.043055555555555555
