38 0.5458333333333333 0.5 0.0140625 0.021296296296296296
81 0.5447916666666667 0.5222222222222223 0.0125 0.019444444444444445
92 0.5447916666666667 0.5416666666666666 0.011458333333333333 0.019444444444444445
92 0.40989583333333335 0.5212962962962963 0.0109375 0.022222222222222223
38 0.5458333333333333 0.5 0.0140625 0.021296296296296296
81 0.5447916666666667 0.5222222222222223 0.0125 0.019444444444444445
92 0.5447916666666667 0.5416666666666666 0.011458333333333333 0.019444444444444445
92 0.40989583333333335 0.5212962962962963 0.0109375 0.022222222222222223
38 0.5458333333333333 0.5 0.0140625 0.021296296296296296
81 0.5447916666666667 0.5222222222222223 0.0125 0.019444444444444445
92 0.5447916666666667 0.5416666666666666 0.011458333333333333 0.019444444444444445
92 0.40989583333333335 0.5212962962962963 0.0109375 0.022222222222222223
