41 0.52421875 0.5708333333333333 0.02109375 0.03611111111111111
64 0.3359375 0.4652777777777778 0.0265625 0.05138888888888889
71 0.48046875 0.49444444444444446 0.01328125 0.025
69 0.50625 0.5736111111111111 0.0125 0.025
41 0.52421875 0.5708333333333333 0.02109375 0.03611111111111111
64 0.3359375 0.4652777777777778 0.0265625 0.05138888888888889
71 0.48046875 0.49444444444444446 0.01328125 0.025
69 0.50625 0.5736111111111111 0.0125 0.025
41 0.52421875 0.5708333333333333 0.02109375 0.03611111111111111
64 0.3359375 0.4652777777777778 0.0265625 0.05138888888888889
71 0.48046875 0.49444444444444446 0.01328125 0.025
69 0.50625 0.5736111111111111 0.0125 0.025
