0 0.5416666666666666 0.49166666666666664 0.011979166666666667 0.026851851851851852
11 0.15052083333333333 0.4305555555555556 0.017708333333333333 0.03425925925925926
11 0.5932291666666667 0.47962962962962963 0.0265625 0.04537037037037037
15 0.4786458333333333 0.49537037037037035 0.009895833333333333 0.01574074074074074
0 0.5416666666666666 0.49166666666666664 0.011979166666666667 0.026851851851851852
11 0.15052083333333333 0.4305555555555556 0.017708333333333333 0.03425925925925926
11 0.5932291666666667 0.47962962962962963 0.0265625 0.04537037037037037
15 0.4786458333333333 0.49537037037037035 0.009895833333333333 0.01574074074074074
0 0.5416666666666666 0.49166666666666664 0.011979166666666667 0.026851851851851852
11 0.15052083333333333 0.4305555555555556 0.017708333333333333 0.03425925925925926
11 0.5932291666666667 0.47962962962962963 0.0265625 0.04537037037037037
15 0.4786458333333333 0.49537037037037035 0.009895833333333333 0.01574074074074074
