16 0.9390625 0.04027777777777778 0.05234375 0.08194444444444444
16 0.74921875 0.09444444444444444 0.05390625 0.09444444444444444
16 0.35703125 0.15833333333333333 0.04921875 0.0875
11 0.84921875 0.5069444444444444 0.01875 0.030555555555555555
64 0.9453125 0.44305555555555554 0.040625 0.07222222222222222
16 0.9390625 0.04027777777777778 0.05234375 0.08194444444444444
16 0.74921875 0.09444444444444444 0.05390625 0.09444444444444444
16 0.35703125 0.15833333333333333 0.04921875 0.0875
11 0.84921875 0.5069444444444444 0.01875 0.030555555555555555
64 0.9453125 0.44305555555555554 0.040625 0.07222222222222222
16 0.9390625 0.04027777777777778 0.05234375 0.08194444444444444
16 0.74921875 0.09444444444444444 0.05390625 0.09444444444444444
16 0.35703125 0.15833333333333333 0.04921875 0.0875
11 0.84921875 0.5069444444444444 0.01875 0.030555555555555555
64 0.9453125 0.44305555555555554 0.040625 0.07222222222222222
