16 0.2734375 0.33611111111111114 0.02109375 0.04027777777777778
16 0.35703125 0.35 0.02109375 0.0375
16 0.45625 0.36666666666666664 0.01875 0.034722222222222224
16 0.56328125 0.37083333333333335 0.01953125 0.03611111111111111
11 0.721875 0.5027777777777778 0.01328125 0.02361111111111111
16 0.2734375 0.33611111111111114 0.02109375 0.04027777777777778
16 0.35703125 0.35 0.02109375 0.0375
16 0.45625 0.36666666666666664 0.01875 0.034722222222222224
16 0.56328125 0.37083333333333335 0.01953125 0.03611111111111111
11 0.721875 0.5027777777777778 0.01328125 0.02361111111111111
16 0.2734375 0.33611111111111114 0.02109375 0.04027777777777778
16 0.35703125 0.35 0.02109375 0.0375
16 0.45625 0.36666666666666664 0.01875 0.034722222222222224
16 0.56328125 0.37083333333333335 0.01953125 0.03611111111111111
11 0.721875 0.5027777777777778 0.01328125 0.02361111111111111
