0 0.5822916666666667 0.3972222222222222 0.014583333333333334 0.03518518518518519
0 0.19635416666666666 0.4148148148148148 0.0125 0.03611111111111111
11 0.5822916666666667 0.4351851851851852 0.018229166666666668 0.03425925925925926
11 0.24583333333333332 0.4722222222222222 0.0171875 0.025925925925925925
0 0.5822916666666667 0.3972222222222222 0.014583333333333334 0.03518518518518519
0 0.19635416666666666 0.4148148148148148 0.0125 0.03611111111111111
11 0.5822916666666667 0.4351851851851852 0.018229166666666668 0.03425925925925926
11 0.24583333333333332 0.4722222222222222 0.0171875 0.025925925925925925
0 0.5822916666666667 0.3972222222222222 0.014583333333333334 0.03518518518518519
0 0.19635416666666666 0.4148148148148148 0.0125 0.03611111111111111
11 0.5822916666666667 0.4351851851851852 0.018229166666666668 0.03425925925925926
11 0.24583333333333332 0.4722222222222222 0.0171875 0.025925925925925925
