11 0.6692708333333334 0.08425925925925926 0.053125 0.10925925925925926
11 0.1359375 0.33425925925925926 0.03125 0.05740740740740741
11 0.8015625 0.2898148148148148 0.01875 0.05555555555555555
64 0.9302083333333333 0.21481481481481482 0.017708333333333333 0.05185185185185185
11 0.6692708333333334 0.08425925925925926 0.053125 0.10925925925925926
11 0.1359375 0.33425925925925926 0.03125 0.05740740740740741
11 0.8015625 0.2898148148148148 0.01875 0.05555555555555555
64 0.9302083333333333 0.21481481481481482 0.017708333333333333 0.05185185185185185
11 0.6692708333333334 0.08425925925925926 0.053125 0.10925925925925926
11 0.1359375 0.33425925925925926 0.03125 0.05740740740740741
11 0.8015625 0.2898148148148148 0.01875 0.05555555555555555
64 0.9302083333333333 0.21481481481481482 0.017708333333333333 0.05185185185185185
