37 0.20364583333333333 0.4675925925925926 0.01875 0.030555555555555555
37 0.6239583333333333 0.44907407407407407 0.017708333333333333 0.03148148148148148
80 0.20364583333333333 0.49907407407407406 0.016145833333333335 0.025925925925925925
80 0.6244791666666667 0.4787037037037037 0.016666666666666666 0.026851851851851852
37 0.20364583333333333 0.4675925925925926 0.01875 0.030555555555555555
37 0.6239583333333333 0.44907407407407407 0.017708333333333333 0.03148148148148148
80 0.20364583333333333 0.49907407407407406 0.016145833333333335 0.025925925925925925
80 0.6244791666666667 0.4787037037037037 0.016666666666666666 0.026851851851851852
37 0.20364583333333333 0.4675925925925926 0.01875 0.030555555555555555
37 0.6239583333333333 0.44907407407407407 0.017708333333333333 0.03148148148148148
80 0.20364583333333333 0.49907407407407406 0.016145833333333335 0.025925925925925925
80 0.6244791666666667 0.4787037037037037 0.016666666666666666 0.026851851851851852
