11 0.61328125 0.44166666666666665 0.0234375 0.041666666666666664
11 0.1640625 0.4263888888888889 0.01953125 0.0375
11 0.85078125 0.4666666666666667 0.01328125 0.04861111111111111
11 0.04765625 0.4 0.0125 0.044444444444444446
11 0.61328125 0.44166666666666665 0.0234375 0.041666666666666664
11 0.1640625 0.4263888888888889 0.01953125 0.0375
11 0.85078125 0.4666666666666667 0.01328125 0.04861111111111111
11 0.04765625 0.4 0.0125 0.044444444444444446
11 0.61328125 0.44166666666666665 0.0234375 0.041666666666666664
11 0.1640625 0.4263888888888889 0.01953125 0.0375
11 0.85078125 0.4666666666666667 0.01328125 0.04861111111111111
11 0.04765625 0.4 0.0125 0.044444444444444446
