11 0.35989583333333336 0.5333333333333333 0.009375 0.016666666666666666
18 0.5098958333333333 0.49444444444444446 0.021875 0.01574074074074074
20 0.496875 0.5148148148148148 0.008854166666666666 0.01574074074074074
11 0.4953125 0.5342592592592592 0.009375 0.01574074074074074
11 0.5098958333333333 0.5388888888888889 0.013541666666666667 0.022222222222222223
11 0.35989583333333336 0.5333333333333333 0.009375 0.016666666666666666
18 0.5098958333333333 0.49444444444444446 0.021875 0.01574074074074074
20 0.496875 0.5148148148148148 0.008854166666666666 0.01574074074074074
11 0.4953125 0.5342592592592592 0.009375 0.01574074074074074
11 0.5098958333333333 0.5388888888888889 0.013541666666666667 0.022222222222222223
11 0.35989583333333336 0.5333333333333333 0.009375 0.016666666666666666
18 0.5098958333333333 0.49444444444444446 0.021875 0.01574074074074074
20 0.496875 0.5148148148148148 0.008854166666666666 0.01574074074074074
11 0.4953125 0.5342592592592592 0.009375 0.01574074074074074
11 0.5098958333333333 0.5388888888888889 0.013541666666666667 0.022222222222222223
