3 0.9484375 0.3680555555555556 0.0171875 0.06388888888888888
64 0.7015625 0.09166666666666666 0.05859375 0.1
68 0.7015625 0.17916666666666667 0.04140625 0.07916666666666666
79 0.53359375 0.4125 0.01328125 0.027777777777777776
3 0.9484375 0.3680555555555556 0.0171875 0.06388888888888888
64 0.7015625 0.09166666666666666 0.05859375 0.1
68 0.7015625 0.17916666666666667 0.04140625 0.07916666666666666
79 0.53359375 0.4125 0.01328125 0.027777777777777776
3 0.9484375 0.3680555555555556 0.0171875 0.06388888888888888
64 0.7015625 0.09166666666666666 0.05859375 0.1
68 0.7015625 0.17916666666666667 0.04140625 0.07916666666666666
79 0.53359375 0.4125 0.01328125 0.027777777777777776
