11 0.6515625 0.675 0.029166666666666667 0.05277777777777778
11 0.16197916666666667 0.7185185185185186 0.030729166666666665 0.05185185185185185
11 0.6125 0.7138888888888889 0.013541666666666667 0.03981481481481482
11 0.5145833333333333 0.7601851851851852 0.015625 0.025925925925925925
38 0.6973958333333333 0.7027777777777777 0.016666666666666666 0.030555555555555555
38 0.4942708333333333 0.7342592592592593 0.015104166666666667 0.024074074074074074
81 0.6973958333333333 0.7518518518518519 0.0125 0.03148148148148148
11 0.6515625 0.675 0.029166666666666667 0.05277777777777778
11 0.16197916666666667 0.7185185185185186 0.030729166666666665 0.05185185185185185
11 0.6125 0.7138888888888889 0.013541666666666667 0.03981481481481482
11 0.5145833333333333 0.7601851851851852 0.015625 0.025925925925925925
38 0.6973958333333333 0.7027777777777777 0.016666666666666666 0.030555555555555555
38 0.4942708333333333 0.7342592592592593 0.015104166666666667 0.024074074074074074
81 0.6973958333333333 0.7518518518518519 0.0125 0.03148148148148148
11 0.6515625 0.675 0.029166666666666667 0.05277777777777778
11 0.16197916666666667 0.7185185185185186 0.030729166666666665 0.05185185185185185
11 0.6125 0.7138888888888889 0.013541666666666667 0.03981481481481482
11 0.5145833333333333 0.7601851851851852 0.015625 0.025925925925925925
38 0.6973958333333333 0.7027777777777777 0.016666666666666666 0.030555555555555555
38 0.4942708333333333 0.7342592592592593 0.015104166666666667 0.024074074074074074
81 0.6973958333333333 0.7518518518518519 0.0125 0.03148148148148148
