11 0.21770833333333334 0.4888888888888889 0.0109375 0.017592592592592594
11 0.5229166666666667 0.4537037037037037 0.013541666666666667 0.020370370370370372
64 0.5375 0.4666666666666667 0.020833333333333332 0.03888888888888889
75 0.5229166666666667 0.4287037037037037 0.011979166666666667 0.022222222222222223
11 0.21770833333333334 0.4888888888888889 0.0109375 0.017592592592592594
11 0.5229166666666667 0.4537037037037037 0.013541666666666667 0.020370370370370372
64 0.5375 0.4666666666666667 0.020833333333333332 0.03888888888888889
75 0.5229166666666667 0.4287037037037037 0.011979166666666667 0.022222222222222223
11 0.21770833333333334 0.4888888888888889 0.0109375 0.017592592592592594
11 0.5229166666666667 0.4537037037037037 0.013541666666666667 0.020370370370370372
64 0.5375 0.4666666666666667 0.020833333333333332 0.03888888888888889
75 0.5229166666666667 0.4287037037037037 0.011979166666666667 0.022222222222222223
