12 0.6067708333333334 0.3074074074074074 0.023958333333333335 0.041666666666666664
11 0.39010416666666664 0.4444444444444444 0.008854166666666666 0.017592592592592594
11 0.5671875 0.4444444444444444 0.011458333333333333 0.020370370370370372
64 0.5666666666666667 0.4203703703703704 0.013020833333333334 0.025
12 0.6067708333333334 0.3074074074074074 0.023958333333333335 0.041666666666666664
11 0.39010416666666664 0.4444444444444444 0.008854166666666666 0.017592592592592594
11 0.5671875 0.4444444444444444 0.011458333333333333 0.020370370370370372
64 0.5666666666666667 0.4203703703703704 0.013020833333333334 0.025
12 0.6067708333333334 0.3074074074074074 0.023958333333333335 0.041666666666666664
11 0.39010416666666664 0.4444444444444444 0.008854166666666666 0.017592592592592594
11 0.5671875 0.4444444444444444 0.011458333333333333 0.020370370370370372
64 0.5666666666666667 0.4203703703703704 0.013020833333333334 0.025
