11 0.028645833333333332 0.20462962962962963 0.028645833333333332 0.053703703703703705
38 0.5098958333333333 0.4398148148148148 0.015625 0.024074074074074074
81 0.5078125 0.462037037037037 0.013541666666666667 0.022222222222222223
79 0.5020833333333333 0.4888888888888889 0.013020833333333334 0.026851851851851852
11 0.028645833333333332 0.20462962962962963 0.028645833333333332 0.053703703703703705
38 0.5098958333333333 0.4398148148148148 0.015625 0.024074074074074074
81 0.5078125 0.462037037037037 0.013541666666666667 0.022222222222222223
79 0.5020833333333333 0.4888888888888889 0.013020833333333334 0.026851851851851852
11 0.028645833333333332 0.20462962962962963 0.028645833333333332 0.053703703703703705
38 0.5098958333333333 0.4398148148148148 0.015625 0.024074074074074074
81 0.5078125 0.462037037037037 0.013541666666666667 0.022222222222222223
79 0.5020833333333333 0.4888888888888889 0.013020833333333334 0.026851851851851852
