10 0.76171875 0.5138888888888888 0.0125 0.05
11 0.7609375 0.32083333333333336 0.065625 0.12222222222222222
11 0.16328125 0.3138888888888889 0.04296875 0.07361111111111111
17 0.534375 0.47638888888888886 0.01484375 0.02361111111111111
78 0.03046875 0.35555555555555557 0.01484375 0.043055555555555555
10 0.76171875 0.5138888888888888 0.0125 0.05
11 0.7609375 0.32083333333333336 0.065625 0.12222222222222222
11 0.16328125 0.3138888888888889 0.04296875 0.07361111111111111
17 0.534375 0.47638888888888886 0.01484375 0.02361111111111111
78 0.03046875 0.35555555555555557 0.01484375 0.043055555555555555
10 0.76171875 0.5138888888888888 0.0125 0.05
11 0.7609375 0.32083333333333336 0.065625 0.12222222222222222
11 0.16328125 0.3138888888888889 0.04296875 0.07361111111111111
17 0.534375 0.47638888888888886 0.01484375 0.02361111111111111
78 0.03046875 0.35555555555555557 0.01484375 0.043055555555555555
