11 0.91484375 0.20972222222222223 0.0734375 0.12638888888888888
11 0.634375 0.5305555555555556 0.021875 0.03888888888888889
11 0.22265625 0.5444444444444444 0.0203125 0.0375
64 0.903125 0.07222222222222222 0.09375 0.14583333333333334
79 0.5703125 0.4888888888888889 0.01953125 0.03333333333333333
11 0.91484375 0.20972222222222223 0.0734375 0.12638888888888888
11 0.634375 0.5305555555555556 0.021875 0.03888888888888889
11 0.22265625 0.5444444444444444 0.0203125 0.0375
64 0.903125 0.07222222222222222 0.09375 0.14583333333333334
79 0.5703125 0.4888888888888889 0.01953125 0.03333333333333333
11 0.91484375 0.20972222222222223 0.0734375 0.12638888888888888
11 0.634375 0.5305555555555556 0.021875 0.03888888888888889
11 0.22265625 0.5444444444444444 0.0203125 0.0375
64 0.903125 0.07222222222222222 0.09375 0.14583333333333334
79 0.5703125 0.4888888888888889 0.01953125 0.03333333333333333
