11 0.2640625 0.125 0.0296875 0.08194444444444444
11 0.06328125 0.2833333333333333 0.01953125 0.04861111111111111
64 0.03984375 0.29305555555555557 0.02109375 0.04583333333333333
66 0.04140625 0.3375 0.025 0.03611111111111111
11 0.2640625 0.125 0.0296875 0.08194444444444444
11 0.06328125 0.2833333333333333 0.01953125 0.04861111111111111
64 0.03984375 0.29305555555555557 0.02109375 0.04583333333333333
66 0.04140625 0.3375 0.025 0.03611111111111111
11 0.2640625 0.125 0.0296875 0.08194444444444444
11 0.06328125 0.2833333333333333 0.01953125 0.04861111111111111
64 0.03984375 0.29305555555555557 0.02109375 0.04583333333333333
66 0.04140625 0.3375 0.025 0.03611111111111111
