11 0.2578125 0.42407407407407405 0.016666666666666666 0.03148148148148148
11 0.5713541666666667 0.3527777777777778 0.015625 0.026851851851851852
11 0.8796875 0.35 0.016145833333333335 0.03425925925925926
11 0.08229166666666667 0.4740740740740741 0.0140625 0.028703703703703703
11 0.3072916666666667 0.4462962962962963 0.017708333333333333 0.02962962962962963
11 0.2578125 0.42407407407407405 0.016666666666666666 0.03148148148148148
11 0.5713541666666667 0.3527777777777778 0.015625 0.026851851851851852
11 0.8796875 0.35 0.016145833333333335 0.03425925925925926
11 0.08229166666666667 0.4740740740740741 0.0140625 0.028703703703703703
11 0.3072916666666667 0.4462962962962963 0.017708333333333333 0.02962962962962963
11 0.2578125 0.42407407407407405 0.016666666666666666 0.03148148148148148
11 0.5713541666666667 0.3527777777777778 0.015625 0.026851851851851852
11 0.8796875 0.35 0.016145833333333335 0.03425925925925926
11 0.08229166666666667 0.4740740740740741 0.0140625 0.028703703703703703
11 0.3072916666666667 0.4462962962962963 0.017708333333333333 0.02962962962962963
