11 0.346875 0.4564814814814815 0.014583333333333334 0.025925925925925925
11 0.5635416666666667 0.41388888888888886 0.016145833333333335 0.032407407407407406
11 0.8708333333333333 0.30648148148148147 0.027604166666666666 0.06759259259259259
29 0.20625 0.412962962962963 0.0140625 0.037037037037037035
11 0.346875 0.4564814814814815 0.014583333333333334 0.025925925925925925
11 0.5635416666666667 0.41388888888888886 0.016145833333333335 0.032407407407407406
11 0.8708333333333333 0.30648148148148147 0.027604166666666666 0.06759259259259259
29 0.20625 0.412962962962963 0.0140625 0.037037037037037035
11 0.346875 0.4564814814814815 0.014583333333333334 0.025925925925925925
11 0.5635416666666667 0.41388888888888886 0.016145833333333335 0.032407407407407406
11 0.8708333333333333 0.30648148148148147 0.027604166666666666 0.06759259259259259
29 0.20625 0.412962962962963 0.0140625 0.037037037037037035
