11 0.5479166666666667 0.47962962962962963 0.0140625 0.027777777777777776
11 0.8234375 0.4685185185185185 0.013541666666666667 0.05462962962962963
11 0.8375 0.4962962962962963 0.009375 0.028703703703703703
38 0.47291666666666665 0.47129629629629627 0.009375 0.01574074074074074
78 0.8255208333333334 0.412962962962963 0.011979166666666667 0.05277777777777778
11 0.5479166666666667 0.47962962962962963 0.0140625 0.027777777777777776
11 0.8234375 0.4685185185185185 0.013541666666666667 0.05462962962962963
11 0.8375 0.4962962962962963 0.009375 0.028703703703703703
38 0.47291666666666665 0.47129629629629627 0.009375 0.01574074074074074
78 0.8255208333333334 0.412962962962963 0.011979166666666667 0.05277777777777778
11 0.5479166666666667 0.47962962962962963 0.0140625 0.027777777777777776
11 0.8234375 0.4685185185185185 0.013541666666666667 0.05462962962962963
11 0.8375 0.4962962962962963 0.009375 0.028703703703703703
38 0.47291666666666665 0.47129629629629627 0.009375 0.01574074074074074
78 0.8255208333333334 0.412962962962963 0.011979166666666667 0.05277777777777778
