11 0.7671875 0.38333333333333336 0.0515625 0.08888888888888889
11 0.1375 0.44722222222222224 0.040625 0.06666666666666667
11 0.9796875 0.5347222222222222 0.02109375 0.044444444444444446
64 0.76953125 0.28055555555555556 0.06953125 0.11666666666666667
11 0.7671875 0.38333333333333336 0.0515625 0.08888888888888889
11 0.1375 0.44722222222222224 0.040625 0.06666666666666667
11 0.9796875 0.5347222222222222 0.02109375 0.044444444444444446
64 0.76953125 0.28055555555555556 0.06953125 0.11666666666666667
11 0.7671875 0.38333333333333336 0.0515625 0.08888888888888889
11 0.1375 0.44722222222222224 0.040625 0.06666666666666667
11 0.9796875 0.5347222222222222 0.02109375 0.044444444444444446
64 0.76953125 0.28055555555555556 0.06953125 0.11666666666666667
