12 0.5171875 0.5263888888888889 0.01953125 0.03194444444444444
37 0.634375 0.2625 0.05703125 0.09583333333333334
38 0.6421875 0.35 0.05546875 0.09444444444444444
80 0.5140625 0.4791666666666667 0.015625 0.02638888888888889
12 0.5171875 0.5263888888888889 0.01953125 0.03194444444444444
37 0.634375 0.2625 0.05703125 0.09583333333333334
38 0.6421875 0.35 0.05546875 0.09444444444444444
80 0.5140625 0.4791666666666667 0.015625 0.02638888888888889
12 0.5171875 0.5263888888888889 0.01953125 0.03194444444444444
37 0.634375 0.2625 0.05703125 0.09583333333333334
38 0.6421875 0.35 0.05546875 0.09444444444444444
80 0.5140625 0.4791666666666667 0.015625 0.02638888888888889
