6 0.5828125 0.475 0.01328125 0.0375
47 0.59921875 0.4263888888888889 0.01953125 0.03194444444444444
42 0.6 0.4583333333333333 0.01796875 0.029166666666666667
98 0.73828125 0.3611111111111111 0.02890625 0.05416666666666667
79 0.73828125 0.4222222222222222 0.028125 0.05277777777777778
6 0.5828125 0.475 0.01328125 0.0375
47 0.59921875 0.4263888888888889 0.01953125 0.03194444444444444
42 0.6 0.4583333333333333 0.01796875 0.029166666666666667
98 0.73828125 0.3611111111111111 0.02890625 0.05416666666666667
79 0.73828125 0.4222222222222222 0.028125 0.05277777777777778
6 0.5828125 0.475 0.01328125 0.0375
47 0.59921875 0.4263888888888889 0.01953125 0.03194444444444444
42 0.6 0.4583333333333333 0.01796875 0.029166666666666667
98 0.73828125 0.3611111111111111 0.02890625 0.05416666666666667
79 0.73828125 0.4222222222222222 0.028125 0.05277777777777778
