11 0.8375 0.36944444444444446 0.07421875 0.13472222222222222
11 0.67734375 0.5375 0.01875 0.03333333333333333
11 0.26171875 0.5208333333333334 0.01796875 0.03194444444444444
87 0.82421875 0.2152777777777778 0.11484375 0.17777777777777778
11 0.8375 0.36944444444444446 0.07421875 0.13472222222222222
11 0.67734375 0.5375 0.01875 0.03333333333333333
11 0.26171875 0.5208333333333334 0.01796875 0.03194444444444444
87 0.82421875 0.2152777777777778 0.11484375 0.17777777777777778
11 0.8375 0.36944444444444446 0.07421875 0.13472222222222222
11 0.67734375 0.5375 0.01875 0.03333333333333333
11 0.26171875 0.5208333333333334 0.01796875 0.03194444444444444
87 0.82421875 0.2152777777777778 0.11484375 0.17777777777777778
