56 0.515625 0.475 0.01484375 0.027777777777777776
41 0.5140625 0.5013888888888889 0.01484375 0.022222222222222223
56 0.309375 0.4861111111111111 0.01484375 0.02638888888888889
41 0.31015625 0.5111111111111111 0.0140625 0.022222222222222223
56 0.515625 0.475 0.01484375 0.027777777777777776
41 0.5140625 0.5013888888888889 0.01484375 0.022222222222222223
56 0.309375 0.4861111111111111 0.01484375 0.02638888888888889
41 0.31015625 0.5111111111111111 0.0140625 0.022222222222222223
56 0.515625 0.475 0.01484375 0.027777777777777776
41 0.5140625 0.5013888888888889 0.01484375 0.022222222222222223
56 0.309375 0.4861111111111111 0.01484375 0.02638888888888889
41 0.31015625 0.5111111111111111 0.0140625 0.022222222222222223
