11 0.8765625 0.412962962962963 0.01875 0.037037037037037035
11 0.32864583333333336 0.46296296296296297 0.014583333333333334 0.027777777777777776
68 0.7369791666666666 0.09907407407407408 0.0359375 0.062037037037037036
105 0.7390625 0.16018518518518518 0.035416666666666666 0.058333333333333334
78 0.0067708333333333336 0.31203703703703706 0.0140625 0.040740740740740744
105 0.8776041666666666 0.34814814814814815 0.015625 0.046296296296296294
11 0.8765625 0.412962962962963 0.01875 0.037037037037037035
11 0.32864583333333336 0.46296296296296297 0.014583333333333334 0.027777777777777776
68 0.7369791666666666 0.09907407407407408 0.0359375 0.062037037037037036
105 0.7390625 0.16018518518518518 0.035416666666666666 0.058333333333333334
78 0.0067708333333333336 0.31203703703703706 0.0140625 0.040740740740740744
105 0.8776041666666666 0.34814814814814815 0.015625 0.046296296296296294
11 0.8765625 0.412962962962963 0.01875 0.037037037037037035
11 0.32864583333333336 0.46296296296296297 0.014583333333333334 0.027777777777777776
68 0.7369791666666666 0.09907407407407408 0.0359375 0.062037037037037036
105 0.7390625 0.16018518518518518 0.035416666666666666 0.058333333333333334
78 0.0067708333333333336 0.31203703703703706 0.0140625 0.040740740740740744
105 0.8776041666666666 0.34814814814814815 0.015625 0.046296296296296294
