0 0.55390625 0.4222222222222222 0.01328125 0.03333333333333333
11 0.7453125 0.4152777777777778 0.0484375 0.08472222222222223
11 0.0140625 0.42777777777777776 0.028125 0.0625
11 0.58359375 0.475 0.0171875 0.03333333333333333
11 0.253125 0.48194444444444445 0.01640625 0.029166666666666667
39 0.5515625 0.4791666666666667 0.01640625 0.02638888888888889
81 0.5546875 0.4513888888888889 0.0140625 0.02361111111111111
0 0.55390625 0.4222222222222222 0.01328125 0.03333333333333333
11 0.7453125 0.4152777777777778 0.0484375 0.08472222222222223
11 0.0140625 0.42777777777777776 0.028125 0.0625
11 0.58359375 0.475 0.0171875 0.03333333333333333
11 0.253125 0.48194444444444445 0.01640625 0.029166666666666667
39 0.5515625 0.4791666666666667 0.01640625 0.02638888888888889
81 0.5546875 0.4513888888888889 0.0140625 0.02361111111111111
0 0.55390625 0.4222222222222222 0.01328125 0.03333333333333333
11 0.7453125 0.4152777777777778 0.0484375 0.08472222222222223
11 0.0140625 0.42777777777777776 0.028125 0.0625
11 0.58359375 0.475 0.0171875 0.03333333333333333
11 0.253125 0.48194444444444445 0.01640625 0.029166666666666667
39 0.5515625 0.4791666666666667 0.01640625 0.02638888888888889
81 0.5546875 0.4513888888888889 0.0140625 0.02361111111111111
