16 0.04921875 0.2013888888888889 0.0171875 0.027777777777777776
16 0.196875 0.2 0.0140625 0.025
16 0.27890625 0.19444444444444445 0.0171875 0.027777777777777776
16 0.35234375 0.1875 0.01640625 0.02361111111111111
16 0.4328125 0.1763888888888889 0.01328125 0.02361111111111111
16 0.51015625 0.1625 0.01328125 0.025
67 0.9203125 0.4236111111111111 0.01328125 0.043055555555555555
16 0.04921875 0.2013888888888889 0.0171875 0.027777777777777776
16 0.196875 0.2 0.0140625 0.025
16 0.27890625 0.19444444444444445 0.0171875 0.027777777777777776
16 0.35234375 0.1875 0.01640625 0.02361111111111111
16 0.4328125 0.1763888888888889 0.01328125 0.02361111111111111
16 0.51015625 0.1625 0.01328125 0.025
67 0.9203125 0.4236111111111111 0.01328125 0.043055555555555555
16 0.04921875 0.2013888888888889 0.0171875 0.027777777777777776
16 0.196875 0.2 0.0140625 0.025
16 0.27890625 0.19444444444444445 0.0171875 0.027777777777777776
16 0.35234375 0.1875 0.01640625 0.02361111111111111
16 0.4328125 0.1763888888888889 0.01328125 0.02361111111111111
16 0.51015625 0.1625 0.01328125 0.025
67 0.9203125 0.4236111111111111 0.01328125 0.043055555555555555
