15 0.6260416666666667 0.4222222222222222 0.014583333333333334 0.03148148148148148
11 0.5489583333333333 0.46944444444444444 0.0125 0.017592592592592594
64 0.5510416666666667 0.42777777777777776 0.015625 0.020370370370370372
68 0.5505208333333333 0.44907407407407407 0.013541666666666667 0.022222222222222223
15 0.6260416666666667 0.4222222222222222 0.014583333333333334 0.03148148148148148
11 0.5489583333333333 0.46944444444444444 0.0125 0.017592592592592594
64 0.5510416666666667 0.42777777777777776 0.015625 0.020370370370370372
68 0.5505208333333333 0.44907407407407407 0.013541666666666667 0.022222222222222223
15 0.6260416666666667 0.4222222222222222 0.014583333333333334 0.03148148148148148
11 0.5489583333333333 0.46944444444444444 0.0125 0.017592592592592594
64 0.5510416666666667 0.42777777777777776 0.015625 0.020370370370370372
68 0.5505208333333333 0.44907407407407407 0.013541666666666667 0.022222222222222223
