16 0.375 0.3611111111111111 0.01328125 0.025
16 0.440625 0.3680555555555556 0.01328125 0.02638888888888889
16 0.50390625 0.36944444444444446 0.01484375 0.02638888888888889
16 0.56875 0.36527777777777776 0.01328125 0.02638888888888889
16 0.375 0.3611111111111111 0.01328125 0.025
16 0.440625 0.3680555555555556 0.01328125 0.02638888888888889
16 0.50390625 0.36944444444444446 0.01484375 0.02638888888888889
16 0.56875 0.36527777777777776 0.01328125 0.02638888888888889
16 0.375 0.3611111111111111 0.01328125 0.025
16 0.440625 0.3680555555555556 0.01328125 0.02638888888888889
16 0.50390625 0.36944444444444446 0.01484375 0.02638888888888889
16 0.56875 0.36527777777777776 0.01328125 0.02638888888888889
