28 0.82265625 0.4236111111111111 0.0234375 0.04027777777777778
64 0.6640625 0.4375 0.028125 0.04722222222222222
70 0.2734375 0.3416666666666667 0.04609375 0.07916666666666666
70 0.24609375 0.5736111111111111 0.04765625 0.09444444444444444
28 0.82265625 0.4236111111111111 0.0234375 0.04027777777777778
64 0.6640625 0.4375 0.028125 0.04722222222222222
70 0.2734375 0.3416666666666667 0.04609375 0.07916666666666666
70 0.24609375 0.5736111111111111 0.04765625 0.09444444444444444
28 0.82265625 0.4236111111111111 0.0234375 0.04027777777777778
64 0.6640625 0.4375 0.028125 0.04722222222222222
70 0.2734375 0.3416666666666667 0.04609375 0.07916666666666666
70 0.24609375 0.5736111111111111 0.04765625 0.09444444444444444
