64 0.859375 0.2625 0.0390625 0.06666666666666667
66 0.86015625 0.325 0.02890625 0.044444444444444446
66 0.66484375 0.43333333333333335 0.01640625 0.02638888888888889
78 0.59765625 0.35833333333333334 0.01328125 0.022222222222222223
64 0.859375 0.2625 0.0390625 0.06666666666666667
66 0.86015625 0.325 0.02890625 0.044444444444444446
66 0.66484375 0.43333333333333335 0.01640625 0.02638888888888889
78 0.59765625 0.35833333333333334 0.01328125 0.022222222222222223
64 0.859375 0.2625 0.0390625 0.06666666666666667
66 0.86015625 0.325 0.02890625 0.044444444444444446
66 0.66484375 0.43333333333333335 0.01640625 0.02638888888888889
78 0.59765625 0.35833333333333334 0.01328125 0.022222222222222223
