98 0.53125 0.4847222222222222 0.01328125 0.025
96 0.53046875 0.5111111111111111 0.01328125 0.022222222222222223
98 0.303125 0.46944444444444444 0.01328125 0.025
96 0.30234375 0.49583333333333335 0.01328125 0.022222222222222223
98 0.53125 0.4847222222222222 0.01328125 0.025
96 0.53046875 0.5111111111111111 0.01328125 0.022222222222222223
98 0.303125 0.46944444444444444 0.01328125 0.025
96 0.30234375 0.49583333333333335 0.01328125 0.022222222222222223
98 0.53125 0.4847222222222222 0.01328125 0.025
96 0.53046875 0.5111111111111111 0.01328125 0.022222222222222223
98 0.303125 0.46944444444444444 0.01328125 0.025
96 0.30234375 0.49583333333333335 0.01328125 0.022222222222222223
