17 0.7541666666666667 0.43796296296296294 0.0296875 0.05185185185185185
29 0.7541666666666667 0.49166666666666664 0.057291666666666664 0.05462962962962963
64 0.7984375 0.4305555555555556 0.0109375 0.046296296296296294
99 0.796875 0.4740740740740741 0.0109375 0.03611111111111111
17 0.7541666666666667 0.43796296296296294 0.0296875 0.05185185185185185
29 0.7541666666666667 0.49166666666666664 0.057291666666666664 0.05462962962962963
64 0.7984375 0.4305555555555556 0.0109375 0.046296296296296294
99 0.796875 0.4740740740740741 0.0109375 0.03611111111111111
17 0.7541666666666667 0.43796296296296294 0.0296875 0.05185185185185185
29 0.7541666666666667 0.49166666666666664 0.057291666666666664 0.05462962962962963
64 0.7984375 0.4305555555555556 0.0109375 0.046296296296296294
99 0.796875 0.4740740740740741 0.0109375 0.03611111111111111
