11 0.1671875 0.5092592592592593 0.016666666666666666 0.028703703703703703
11 0.315625 0.44074074074074077 0.017708333333333333 0.032407407407407406
11 0.39895833333333336 0.43703703703703706 0.015625 0.027777777777777776
11 0.6057291666666667 0.4398148148148148 0.020833333333333332 0.030555555555555555
11 0.1671875 0.5092592592592593 0.016666666666666666 0.028703703703703703
11 0.315625 0.44074074074074077 0.017708333333333333 0.032407407407407406
11 0.39895833333333336 0.43703703703703706 0.015625 0.027777777777777776
11 0.6057291666666667 0.4398148148148148 0.020833333333333332 0.030555555555555555
11 0.1671875 0.5092592592592593 0.016666666666666666 0.028703703703703703
11 0.315625 0.44074074074074077 0.017708333333333333 0.032407407407407406
11 0.39895833333333336 0.43703703703703706 0.015625 0.027777777777777776
11 0.6057291666666667 0.4398148148148148 0.020833333333333332 0.030555555555555555
