11 0.2984375 0.46944444444444444 0.01875 0.03333333333333333
11 0.75859375 0.4305555555555556 0.021875 0.044444444444444446
11 0.8828125 0.33194444444444443 0.02578125 0.09166666666666666
11 0.87578125 0.41388888888888886 0.0125 0.044444444444444446
11 0.2984375 0.46944444444444444 0.01875 0.03333333333333333
11 0.75859375 0.4305555555555556 0.021875 0.044444444444444446
11 0.8828125 0.33194444444444443 0.02578125 0.09166666666666666
11 0.87578125 0.41388888888888886 0.0125 0.044444444444444446
11 0.2984375 0.46944444444444444 0.01875 0.03333333333333333
11 0.75859375 0.4305555555555556 0.021875 0.044444444444444446
11 0.8828125 0.33194444444444443 0.02578125 0.09166666666666666
11 0.87578125 0.41388888888888886 0.0125 0.044444444444444446
