11 0.14296875 0.3902777777777778 0.0328125 0.06111111111111111
11 0.79453125 0.34444444444444444 0.04921875 0.08333333333333333
11 0.57578125 0.46944444444444444 0.01640625 0.030555555555555555
11 0.35234375 0.4708333333333333 0.0140625 0.025
11 0.14296875 0.3902777777777778 0.0328125 0.06111111111111111
11 0.79453125 0.34444444444444444 0.04921875 0.08333333333333333
11 0.57578125 0.46944444444444444 0.01640625 0.030555555555555555
11 0.35234375 0.4708333333333333 0.0140625 0.025
11 0.14296875 0.3902777777777778 0.0328125 0.06111111111111111
11 0.79453125 0.34444444444444444 0.04921875 0.08333333333333333
11 0.57578125 0.46944444444444444 0.01640625 0.030555555555555555
11 0.35234375 0.4708333333333333 0.0140625 0.025
