11 0.8682291666666667 0.5074074074074074 0.019270833333333334 0.03888888888888889
11 0.7151041666666667 0.525 0.008854166666666666 0.027777777777777776
11 0.3067708333333333 0.45 0.013541666666666667 0.024074074074074074
38 0.30520833333333336 0.42314814814814816 0.016666666666666666 0.024074074074074074
11 0.8682291666666667 0.5074074074074074 0.019270833333333334 0.03888888888888889
11 0.7151041666666667 0.525 0.008854166666666666 0.027777777777777776
11 0.3067708333333333 0.45 0.013541666666666667 0.024074074074074074
38 0.30520833333333336 0.42314814814814816 0.016666666666666666 0.024074074074074074
11 0.8682291666666667 0.5074074074074074 0.019270833333333334 0.03888888888888889
11 0.7151041666666667 0.525 0.008854166666666666 0.027777777777777776
11 0.3067708333333333 0.45 0.013541666666666667 0.024074074074074074
38 0.30520833333333336 0.42314814814814816 0.016666666666666666 0.024074074074074074
