11 0.6192708333333333 0.43796296296296294 0.008854166666666666 0.016666666666666666
11 0.2947916666666667 0.4398148148148148 0.011458333333333333 0.018518518518518517
65 0.6005208333333333 0.3685185185185185 0.023958333333333335 0.041666666666666664
74 0.6005208333333333 0.40555555555555556 0.016666666666666666 0.028703703703703703
11 0.6192708333333333 0.43796296296296294 0.008854166666666666 0.016666666666666666
11 0.2947916666666667 0.4398148148148148 0.011458333333333333 0.018518518518518517
65 0.6005208333333333 0.3685185185185185 0.023958333333333335 0.041666666666666664
74 0.6005208333333333 0.40555555555555556 0.016666666666666666 0.028703703703703703
11 0.6192708333333333 0.43796296296296294 0.008854166666666666 0.016666666666666666
11 0.2947916666666667 0.4398148148148148 0.011458333333333333 0.018518518518518517
65 0.6005208333333333 0.3685185185185185 0.023958333333333335 0.041666666666666664
74 0.6005208333333333 0.40555555555555556 0.016666666666666666 0.028703703703703703
