16 0.31328125 0.24027777777777778 0.01640625 0.027777777777777776
16 0.3875 0.24444444444444444 0.0140625 0.02361111111111111
16 0.45546875 0.24305555555555555 0.01328125 0.025
16 0.51640625 0.24166666666666667 0.0140625 0.027777777777777776
64 0.7109375 0.3375 0.0296875 0.05138888888888889
16 0.31328125 0.24027777777777778 0.01640625 0.027777777777777776
16 0.3875 0.24444444444444444 0.0140625 0.02361111111111111
16 0.45546875 0.24305555555555555 0.01328125 0.025
16 0.51640625 0.24166666666666667 0.0140625 0.027777777777777776
64 0.7109375 0.3375 0.0296875 0.05138888888888889
16 0.31328125 0.24027777777777778 0.01640625 0.027777777777777776
16 0.3875 0.24444444444444444 0.0140625 0.02361111111111111
16 0.45546875 0.24305555555555555 0.01328125 0.025
16 0.51640625 0.24166666666666667 0.0140625 0.027777777777777776
64 0.7109375 0.3375 0.0296875 0.05138888888888889
