11 0.68984375 0.43472222222222223 0.03671875 0.07083333333333333
11 0.0734375 0.4361111111111111 0.03203125 0.05555555555555555
11 0.571875 0.4791666666666667 0.0171875 0.029166666666666667
11 0.2640625 0.4847222222222222 0.01328125 0.027777777777777776
39 0.54453125 0.48055555555555557 0.015625 0.02361111111111111
81 0.546875 0.45694444444444443 0.0125 0.02361111111111111
11 0.68984375 0.43472222222222223 0.03671875 0.07083333333333333
11 0.0734375 0.4361111111111111 0.03203125 0.05555555555555555
11 0.571875 0.4791666666666667 0.0171875 0.029166666666666667
11 0.2640625 0.4847222222222222 0.01328125 0.027777777777777776
39 0.54453125 0.48055555555555557 0.015625 0.02361111111111111
81 0.546875 0.45694444444444443 0.0125 0.02361111111111111
11 0.68984375 0.43472222222222223 0.03671875 0.07083333333333333
11 0.0734375 0.4361111111111111 0.03203125 0.05555555555555555
11 0.571875 0.4791666666666667 0.0171875 0.029166666666666667
11 0.2640625 0.4847222222222222 0.01328125 0.027777777777777776
39 0.54453125 0.48055555555555557 0.015625 0.02361111111111111
81 0.546875 0.45694444444444443 0.0125 0.02361111111111111
