64 0.6182291666666667 0.3287037037037037 0.025 0.04259259259259259
64 0.5130208333333334 0.462037037037037 0.011458333333333333 0.018518518518518517
67 0.6510416666666666 0.3638888888888889 0.014583333333333334 0.03611111111111111
66 0.6203125 0.3731481481481482 0.018229166666666668 0.03611111111111111
64 0.6182291666666667 0.3287037037037037 0.025 0.04259259259259259
64 0.5130208333333334 0.462037037037037 0.011458333333333333 0.018518518518518517
67 0.6510416666666666 0.3638888888888889 0.014583333333333334 0.03611111111111111
66 0.6203125 0.3731481481481482 0.018229166666666668 0.03611111111111111
64 0.6182291666666667 0.3287037037037037 0.025 0.04259259259259259
64 0.5130208333333334 0.462037037037037 0.011458333333333333 0.018518518518518517
67 0.6510416666666666 0.3638888888888889 0.014583333333333334 0.03611111111111111
66 0.6203125 0.3731481481481482 0.018229166666666668 0.03611111111111111
