16 0.1171875 0.2986111111111111 0.0171875 0.030555555555555555
16 0.19140625 0.3277777777777778 0.0140625 0.027777777777777776
16 0.27890625 0.35 0.0140625 0.025
16 0.37109375 0.36944444444444446 0.01484375 0.025
16 0.453125 0.37916666666666665 0.0140625 0.025
16 0.5375 0.38055555555555554 0.01484375 0.02638888888888889
16 0.1171875 0.2986111111111111 0.0171875 0.030555555555555555
16 0.19140625 0.3277777777777778 0.0140625 0.027777777777777776
16 0.27890625 0.35 0.0140625 0.025
16 0.37109375 0.36944444444444446 0.01484375 0.025
16 0.453125 0.37916666666666665 0.0140625 0.025
16 0.5375 0.38055555555555554 0.01484375 0.02638888888888889
16 0.1171875 0.2986111111111111 0.0171875 0.030555555555555555
16 0.19140625 0.3277777777777778 0.0140625 0.027777777777777776
16 0.27890625 0.35 0.0140625 0.025
16 0.37109375 0.36944444444444446 0.01484375 0.025
16 0.453125 0.37916666666666665 0.0140625 0.025
16 0.5375 0.38055555555555554 0.01484375 0.02638888888888889
