11 0.6942708333333333 0.2833333333333333 0.06354166666666666 0.09814814814814815
11 0.946875 0.36944444444444446 0.019270833333333334 0.041666666666666664
11 0.06197916666666667 0.4203703703703704 0.0140625 0.025925925925925925
87 0.6979166666666666 0.17592592592592593 0.05677083333333333 0.0962962962962963
11 0.6942708333333333 0.2833333333333333 0.06354166666666666 0.09814814814814815
11 0.946875 0.36944444444444446 0.019270833333333334 0.041666666666666664
11 0.06197916666666667 0.4203703703703704 0.0140625 0.025925925925925925
87 0.6979166666666666 0.17592592592592593 0.05677083333333333 0.0962962962962963
11 0.6942708333333333 0.2833333333333333 0.06354166666666666 0.09814814814814815
11 0.946875 0.36944444444444446 0.019270833333333334 0.041666666666666664
11 0.06197916666666667 0.4203703703703704 0.0140625 0.025925925925925925
87 0.6979166666666666 0.17592592592592593 0.05677083333333333 0.0962962962962963
