5 0.6296875 0.3972222222222222 0.028125 0.075
11 0.59140625 0.45 0.015625 0.027777777777777776
64 0.62890625 0.3236111111111111 0.0375 0.0625
98 0.590625 0.47638888888888886 0.01328125 0.022222222222222223
5 0.6296875 0.3972222222222222 0.028125 0.075
11 0.59140625 0.45 0.015625 0.027777777777777776
64 0.62890625 0.3236111111111111 0.0375 0.0625
98 0.590625 0.47638888888888886 0.01328125 0.022222222222222223
5 0.6296875 0.3972222222222222 0.028125 0.075
11 0.59140625 0.45 0.015625 0.027777777777777776
64 0.62890625 0.3236111111111111 0.0375 0.0625
98 0.590625 0.47638888888888886 0.01328125 0.022222222222222223
