11 0.13333333333333333 0.08425925925925926 0.06510416666666667 0.10833333333333334
11 0.6244791666666667 0.475 0.014583333333333334 0.025
11 0.43020833333333336 0.4666666666666667 0.011979166666666667 0.021296296296296296
78 0.3692708333333333 0.43425925925925923 0.0140625 0.024074074074074074
11 0.13333333333333333 0.08425925925925926 0.06510416666666667 0.10833333333333334
11 0.6244791666666667 0.475 0.014583333333333334 0.025
11 0.43020833333333336 0.4666666666666667 0.011979166666666667 0.021296296296296296
78 0.3692708333333333 0.43425925925925923 0.0140625 0.024074074074074074
11 0.13333333333333333 0.08425925925925926 0.06510416666666667 0.10833333333333334
11 0.6244791666666667 0.475 0.014583333333333334 0.025
11 0.43020833333333336 0.4666666666666667 0.011979166666666667 0.021296296296296296
78 0.3692708333333333 0.43425925925925923 0.0140625 0.024074074074074074
