16 0.4640625 0.28194444444444444 0.01328125 0.02638888888888889
16 0.5265625 0.2777777777777778 0.01328125 0.022222222222222223
16 0.59140625 0.275 0.01640625 0.027777777777777776
16 0.65703125 0.26666666666666666 0.01484375 0.02361111111111111
16 0.72734375 0.2569444444444444 0.0140625 0.02638888888888889
16 0.4640625 0.28194444444444444 0.01328125 0.02638888888888889
16 0.5265625 0.2777777777777778 0.01328125 0.022222222222222223
16 0.59140625 0.275 0.01640625 0.027777777777777776
16 0.65703125 0.26666666666666666 0.01484375 0.02361111111111111
16 0.72734375 0.2569444444444444 0.0140625 0.02638888888888889
16 0.4640625 0.28194444444444444 0.01328125 0.02638888888888889
16 0.5265625 0.2777777777777778 0.01328125 0.022222222222222223
16 0.59140625 0.275 0.01640625 0.027777777777777776
16 0.65703125 0.26666666666666666 0.01484375 0.02361111111111111
16 0.72734375 0.2569444444444444 0.0140625 0.02638888888888889
