10 0.75 0.5152777777777777 0.0125 0.04722222222222222
11 0.7234375 0.34305555555555556 0.05859375 0.10694444444444444
11 0.175 0.32222222222222224 0.0390625 0.06805555555555555
17 0.53046875 0.47638888888888886 0.01484375 0.02361111111111111
10 0.75 0.5152777777777777 0.0125 0.04722222222222222
11 0.7234375 0.34305555555555556 0.05859375 0.10694444444444444
11 0.175 0.32222222222222224 0.0390625 0.06805555555555555
17 0.53046875 0.47638888888888886 0.01484375 0.02361111111111111
10 0.75 0.5152777777777777 0.0125 0.04722222222222222
11 0.7234375 0.34305555555555556 0.05859375 0.10694444444444444
11 0.175 0.32222222222222224 0.0390625 0.06805555555555555
17 0.53046875 0.47638888888888886 0.01484375 0.02361111111111111
