11 0.890625 0.37916666666666665 0.05390625 0.10138888888888889
15 0.57734375 0.4861111111111111 0.0140625 0.025
20 0.5625 0.5069444444444444 0.01484375 0.025
66 0.890625 0.29444444444444445 0.0375 0.075
11 0.890625 0.37916666666666665 0.05390625 0.10138888888888889
15 0.57734375 0.4861111111111111 0.0140625 0.025
20 0.5625 0.5069444444444444 0.01484375 0.025
66 0.890625 0.29444444444444445 0.0375 0.075
11 0.890625 0.37916666666666665 0.05390625 0.10138888888888889
15 0.57734375 0.4861111111111111 0.0140625 0.025
20 0.5625 0.5069444444444444 0.01484375 0.025
66 0.890625 0.29444444444444445 0.0375 0.075
