16 0.4171875 0.3416666666666667 0.01640625 0.030555555555555555
16 0.496875 0.3402777777777778 0.01953125 0.03194444444444444
16 0.56484375 0.3277777777777778 0.01796875 0.03333333333333333
16 0.646875 0.30277777777777776 0.01953125 0.03194444444444444
16 0.4171875 0.3416666666666667 0.01640625 0.030555555555555555
16 0.496875 0.3402777777777778 0.01953125 0.03194444444444444
16 0.56484375 0.3277777777777778 0.01796875 0.03333333333333333
16 0.646875 0.30277777777777776 0.01953125 0.03194444444444444
16 0.4171875 0.3416666666666667 0.01640625 0.030555555555555555
16 0.496875 0.3402777777777778 0.01953125 0.03194444444444444
16 0.56484375 0.3277777777777778 0.01796875 0.03333333333333333
16 0.646875 0.30277777777777776 0.01953125 0.03194444444444444
