0 0.08515625 0.4375 0.0234375 0.05
20 0.48203125 0.35694444444444445 0.028125 0.05555555555555555
64 0.47265625 0.2375 0.03984375 0.07361111111111111
79 0.47890625 0.30277777777777776 0.028125 0.05
0 0.08515625 0.4375 0.0234375 0.05
20 0.48203125 0.35694444444444445 0.028125 0.05555555555555555
64 0.47265625 0.2375 0.03984375 0.07361111111111111
79 0.47890625 0.30277777777777776 0.028125 0.05
0 0.08515625 0.4375 0.0234375 0.05
20 0.48203125 0.35694444444444445 0.028125 0.05555555555555555
64 0.47265625 0.2375 0.03984375 0.07361111111111111
79 0.47890625 0.30277777777777776 0.028125 0.05
