4 0.5473958333333333 0.43425925925925923 0.014583333333333334 0.03981481481481482
15 0.7791666666666667 0.4666666666666667 0.009895833333333333 0.023148148148148147
64 0.546875 0.3962962962962963 0.019270833333333334 0.030555555555555555
72 0.6557291666666667 0.462037037037037 0.011979166666666667 0.021296296296296296
4 0.5473958333333333 0.43425925925925923 0.014583333333333334 0.03981481481481482
15 0.7791666666666667 0.4666666666666667 0.009895833333333333 0.023148148148148147
64 0.546875 0.3962962962962963 0.019270833333333334 0.030555555555555555
72 0.6557291666666667 0.462037037037037 0.011979166666666667 0.021296296296296296
4 0.5473958333333333 0.43425925925925923 0.014583333333333334 0.03981481481481482
15 0.7791666666666667 0.4666666666666667 0.009895833333333333 0.023148148148148147
64 0.546875 0.3962962962962963 0.019270833333333334 0.030555555555555555
72 0.6557291666666667 0.462037037037037 0.011979166666666667 0.021296296296296296
