11 0.8901041666666667 0.4166666666666667 0.0359375 0.05648148148148148
11 0.32135416666666666 0.31851851851851853 0.0328125 0.058333333333333334
11 0.6494791666666667 0.44166666666666665 0.0203125 0.030555555555555555
64 0.8932291666666666 0.34814814814814815 0.04635416666666667 0.07962962962962963
11 0.8901041666666667 0.4166666666666667 0.0359375 0.05648148148148148
11 0.32135416666666666 0.31851851851851853 0.0328125 0.058333333333333334
11 0.6494791666666667 0.44166666666666665 0.0203125 0.030555555555555555
64 0.8932291666666666 0.34814814814814815 0.04635416666666667 0.07962962962962963
11 0.8901041666666667 0.4166666666666667 0.0359375 0.05648148148148148
11 0.32135416666666666 0.31851851851851853 0.0328125 0.058333333333333334
11 0.6494791666666667 0.44166666666666665 0.0203125 0.030555555555555555
64 0.8932291666666666 0.34814814814814815 0.04635416666666667 0.07962962962962963
