11 0.80546875 0.4222222222222222 0.04296875 0.08472222222222223
44 0.1453125 0.4638888888888889 0.02734375 0.044444444444444446
66 0.5625 0.5763888888888888 0.0140625 0.025
87 0.56171875 0.5513888888888889 0.01484375 0.027777777777777776
11 0.80546875 0.4222222222222222 0.04296875 0.08472222222222223
44 0.1453125 0.4638888888888889 0.02734375 0.044444444444444446
66 0.5625 0.5763888888888888 0.0140625 0.025
87 0.56171875 0.5513888888888889 0.01484375 0.027777777777777776
11 0.80546875 0.4222222222222222 0.04296875 0.08472222222222223
44 0.1453125 0.4638888888888889 0.02734375 0.044444444444444446
66 0.5625 0.5763888888888888 0.0140625 0.025
87 0.56171875 0.5513888888888889 0.01484375 0.027777777777777776
