42 0.640625 0.41944444444444445 0.0265625 0.0375
64 0.6390625 0.3736111111111111 0.03046875 0.05138888888888889
66 0.640625 0.45416666666666666 0.0234375 0.041666666666666664
66 0.27421875 0.4597222222222222 0.0125 0.02361111111111111
42 0.640625 0.41944444444444445 0.0265625 0.0375
64 0.6390625 0.3736111111111111 0.03046875 0.05138888888888889
66 0.640625 0.45416666666666666 0.0234375 0.041666666666666664
66 0.27421875 0.4597222222222222 0.0125 0.02361111111111111
42 0.640625 0.41944444444444445 0.0265625 0.0375
64 0.6390625 0.3736111111111111 0.03046875 0.05138888888888889
66 0.640625 0.45416666666666666 0.0234375 0.041666666666666664
66 0.27421875 0.4597222222222222 0.0125 0.02361111111111111
