37 0.5239583333333333 0.47314814814814815 0.0125 0.018518518518518517
38 0.53125 0.49722222222222223 0.0125 0.018518518518518517
81 0.7677083333333333 0.4166666666666667 0.0359375 0.06388888888888888
80 0.5322916666666667 0.5194444444444445 0.009895833333333333 0.019444444444444445
37 0.5239583333333333 0.47314814814814815 0.0125 0.018518518518518517
38 0.53125 0.49722222222222223 0.0125 0.018518518518518517
81 0.7677083333333333 0.4166666666666667 0.0359375 0.06388888888888888
80 0.5322916666666667 0.5194444444444445 0.009895833333333333 0.019444444444444445
37 0.5239583333333333 0.47314814814814815 0.0125 0.018518518518518517
38 0.53125 0.49722222222222223 0.0125 0.018518518518518517
81 0.7677083333333333 0.4166666666666667 0.0359375 0.06388888888888888
80 0.5322916666666667 0.5194444444444445 0.009895833333333333 0.019444444444444445
