11 0.571875 0.375 0.019270833333333334 0.02962962962962963
11 0.39947916666666666 0.40370370370370373 0.013020833333333334 0.025
11 0.42916666666666664 0.41203703703703703 0.011979166666666667 0.020370370370370372
64 0.5708333333333333 0.33611111111111114 0.025 0.040740740740740744
11 0.571875 0.375 0.019270833333333334 0.02962962962962963
11 0.39947916666666666 0.40370370370370373 0.013020833333333334 0.025
11 0.42916666666666664 0.41203703703703703 0.011979166666666667 0.020370370370370372
64 0.5708333333333333 0.33611111111111114 0.025 0.040740740740740744
11 0.571875 0.375 0.019270833333333334 0.02962962962962963
11 0.39947916666666666 0.40370370370370373 0.013020833333333334 0.025
11 0.42916666666666664 0.41203703703703703 0.011979166666666667 0.020370370370370372
64 0.5708333333333333 0.33611111111111114 0.025 0.040740740740740744
