11 0.29375 0.46944444444444444 0.01953125 0.03611111111111111
11 0.7859375 0.43472222222222223 0.02421875 0.05
11 0.959375 0.30972222222222223 0.03046875 0.11388888888888889
11 0.146875 0.4305555555555556 0.01328125 0.04583333333333333
11 0.91328125 0.4152777777777778 0.01484375 0.04861111111111111
11 0.29375 0.46944444444444444 0.01953125 0.03611111111111111
11 0.7859375 0.43472222222222223 0.02421875 0.05
11 0.959375 0.30972222222222223 0.03046875 0.11388888888888889
11 0.146875 0.4305555555555556 0.01328125 0.04583333333333333
11 0.91328125 0.4152777777777778 0.01484375 0.04861111111111111
11 0.29375 0.46944444444444444 0.01953125 0.03611111111111111
11 0.7859375 0.43472222222222223 0.02421875 0.05
11 0.959375 0.30972222222222223 0.03046875 0.11388888888888889
11 0.146875 0.4305555555555556 0.01328125 0.04583333333333333
11 0.91328125 0.4152777777777778 0.01484375 0.04861111111111111
