11 0.090625 0.4166666666666667 0.015625 0.027777777777777776
11 0.6796875 0.4111111111111111 0.0171875 0.02962962962962963
11 0.2598958333333333 0.44814814814814813 0.009895833333333333 0.01574074074074074
11 0.6432291666666666 0.46944444444444444 0.011458333333333333 0.018518518518518517
64 0.5739583333333333 0.45925925925925926 0.008854166666666666 0.016666666666666666
66 0.725 0.3101851851851852 0.0265625 0.046296296296296294
11 0.090625 0.4166666666666667 0.015625 0.027777777777777776
11 0.6796875 0.4111111111111111 0.0171875 0.02962962962962963
11 0.2598958333333333 0.44814814814814813 0.009895833333333333 0.01574074074074074
11 0.6432291666666666 0.46944444444444444 0.011458333333333333 0.018518518518518517
64 0.5739583333333333 0.45925925925925926 0.008854166666666666 0.016666666666666666
66 0.725 0.3101851851851852 0.0265625 0.046296296296296294
11 0.090625 0.4166666666666667 0.015625 0.027777777777777776
11 0.6796875 0.4111111111111111 0.0171875 0.02962962962962963
11 0.2598958333333333 0.44814814814814813 0.009895833333333333 0.01574074074074074
11 0.6432291666666666 0.46944444444444444 0.011458333333333333 0.018518518518518517
64 0.5739583333333333 0.45925925925925926 0.008854166666666666 0.016666666666666666
66 0.725 0.3101851851851852 0.0265625 0.046296296296296294
