11 0.6130208333333333 0.3638888888888889 0.0171875 0.03425925925925926
11 0.5708333333333333 0.39537037037037037 0.0109375 0.021296296296296296
11 0.38645833333333335 0.3398148148148148 0.011979166666666667 0.027777777777777776
87 0.6130208333333333 0.33240740740740743 0.0171875 0.02962962962962963
94 0.6302083333333334 0.3287037037037037 0.013541666666666667 0.03148148148148148
11 0.6130208333333333 0.3638888888888889 0.0171875 0.03425925925925926
11 0.5708333333333333 0.39537037037037037 0.0109375 0.021296296296296296
11 0.38645833333333335 0.3398148148148148 0.011979166666666667 0.027777777777777776
87 0.6130208333333333 0.33240740740740743 0.0171875 0.02962962962962963
94 0.6302083333333334 0.3287037037037037 0.013541666666666667 0.03148148148148148
11 0.6130208333333333 0.3638888888888889 0.0171875 0.03425925925925926
11 0.5708333333333333 0.39537037037037037 0.0109375 0.021296296296296296
11 0.38645833333333335 0.3398148148148148 0.011979166666666667 0.027777777777777776
87 0.6130208333333333 0.33240740740740743 0.0171875 0.02962962962962963
94 0.6302083333333334 0.3287037037037037 0.013541666666666667 0.03148148148148148
