0 0.26666666666666666 0.5138888888888888 0.008333333333333333 0.017592592592592594
37 0.0421875 0.44814814814814813 0.029166666666666667 0.046296296296296294
37 0.6947916666666667 0.4148148148148148 0.0234375 0.03611111111111111
80 0.041666666666666664 0.49444444444444446 0.0203125 0.04351851851851852
80 0.6963541666666667 0.4546296296296296 0.019270833333333334 0.03425925925925926
0 0.26666666666666666 0.5138888888888888 0.008333333333333333 0.017592592592592594
37 0.0421875 0.44814814814814813 0.029166666666666667 0.046296296296296294
37 0.6947916666666667 0.4148148148148148 0.0234375 0.03611111111111111
80 0.041666666666666664 0.49444444444444446 0.0203125 0.04351851851851852
80 0.6963541666666667 0.4546296296296296 0.019270833333333334 0.03425925925925926
0 0.26666666666666666 0.5138888888888888 0.008333333333333333 0.017592592592592594
37 0.0421875 0.44814814814814813 0.029166666666666667 0.046296296296296294
37 0.6947916666666667 0.4148148148148148 0.0234375 0.03611111111111111
80 0.041666666666666664 0.49444444444444446 0.0203125 0.04351851851851852
80 0.6963541666666667 0.4546296296296296 0.019270833333333334 0.03425925925925926
