11 0.4114583333333333 0.4351851851851852 0.009375 0.019444444444444445
64 0.6177083333333333 0.2898148148148148 0.04114583333333333 0.06851851851851852
65 0.4119791666666667 0.3888888888888889 0.010416666666666666 0.020370370370370372
94 0.6177083333333333 0.35 0.03125 0.049074074074074076
11 0.4114583333333333 0.4351851851851852 0.009375 0.019444444444444445
64 0.6177083333333333 0.2898148148148148 0.04114583333333333 0.06851851851851852
65 0.4119791666666667 0.3888888888888889 0.010416666666666666 0.020370370370370372
94 0.6177083333333333 0.35 0.03125 0.049074074074074076
11 0.4114583333333333 0.4351851851851852 0.009375 0.019444444444444445
64 0.6177083333333333 0.2898148148148148 0.04114583333333333 0.06851851851851852
65 0.4119791666666667 0.3888888888888889 0.010416666666666666 0.020370370370370372
94 0.6177083333333333 0.35 0.03125 0.049074074074074076
