11 0.3734375 0.4824074074074074 0.0265625 0.044444444444444446
11 0.8348958333333333 0.2935185185185185 0.0921875 0.15833333333333333
17 0.8369791666666667 0.44074074074074077 0.07395833333333333 0.13055555555555556
11 0.628125 0.462037037037037 0.029166666666666667 0.05185185185185185
11 0.2296875 0.4537037037037037 0.018229166666666668 0.05648148148148148
20 0.28177083333333336 0.45740740740740743 0.010416666666666666 0.037037037037037035
11 0.7552083333333334 0.462037037037037 0.010416666666666666 0.058333333333333334
87 0.8322916666666667 0.15462962962962962 0.07083333333333333 0.11851851851851852
11 0.3734375 0.4824074074074074 0.0265625 0.044444444444444446
11 0.8348958333333333 0.2935185185185185 0.0921875 0.15833333333333333
17 0.8369791666666667 0.44074074074074077 0.07395833333333333 0.13055555555555556
11 0.628125 0.462037037037037 0.029166666666666667 0.05185185185185185
11 0.2296875 0.4537037037037037 0.018229166666666668 0.05648148148148148
20 0.28177083333333336 0.45740740740740743 0.010416666666666666 0.037037037037037035
11 0.7552083333333334 0.462037037037037 0.010416666666666666 0.058333333333333334
87 0.8322916666666667 0.15462962962962962 0.07083333333333333 0.11851851851851852
11 0.3734375 0.4824074074074074 0.0265625 0.044444444444444446
11 0.8348958333333333 0.2935185185185185 0.0921875 0.15833333333333333
17 0.8369791666666667 0.44074074074074077 0.07395833333333333 0.13055555555555556
11 0.628125 0.462037037037037 0.029166666666666667 0.05185185185185185
11 0.2296875 0.4537037037037037 0.018229166666666668 0.05648148148148148
20 0.28177083333333336 0.45740740740740743 0.010416666666666666 0.037037037037037035
11 0.7552083333333334 0.462037037037037 0.010416666666666666 0.058333333333333334
87 0.8322916666666667 0.15462962962962962 0.07083333333333333 0.11851851851851852
