0 0.7911458333333333 0.43333333333333335 0.016666666666666666 0.03981481481481482
0 0.28020833333333334 0.412962962962963 0.015104166666666667 0.03518518518518519
11 0.6708333333333333 0.4740740740740741 0.013541666666666667 0.024074074074074074
11 0.41302083333333334 0.45185185185185184 0.0140625 0.025925925925925925
0 0.7911458333333333 0.43333333333333335 0.016666666666666666 0.03981481481481482
0 0.28020833333333334 0.412962962962963 0.015104166666666667 0.03518518518518519
11 0.6708333333333333 0.4740740740740741 0.013541666666666667 0.024074074074074074
11 0.41302083333333334 0.45185185185185184 0.0140625 0.025925925925925925
0 0.7911458333333333 0.43333333333333335 0.016666666666666666 0.03981481481481482
0 0.28020833333333334 0.412962962962963 0.015104166666666667 0.03518518518518519
11 0.6708333333333333 0.4740740740740741 0.013541666666666667 0.024074074074074074
11 0.41302083333333334 0.45185185185185184 0.0140625 0.025925925925925925
