16 0.14765625 0.3055555555555556 0.015625 0.02638888888888889
16 0.2203125 0.325 0.0140625 0.02361111111111111
16 0.296875 0.3416666666666667 0.01484375 0.02638888888888889
16 0.378125 0.35555555555555557 0.0140625 0.02361111111111111
16 0.46328125 0.36527777777777776 0.01328125 0.02361111111111111
16 0.54375 0.3680555555555556 0.0140625 0.02638888888888889
16 0.61875 0.36944444444444446 0.01328125 0.02361111111111111
16 0.14765625 0.3055555555555556 0.015625 0.02638888888888889
16 0.2203125 0.325 0.0140625 0.02361111111111111
16 0.296875 0.3416666666666667 0.01484375 0.02638888888888889
16 0.378125 0.35555555555555557 0.0140625 0.02361111111111111
16 0.46328125 0.36527777777777776 0.01328125 0.02361111111111111
16 0.54375 0.3680555555555556 0.0140625 0.02638888888888889
16 0.61875 0.36944444444444446 0.01328125 0.02361111111111111
16 0.14765625 0.3055555555555556 0.015625 0.02638888888888889
16 0.2203125 0.325 0.0140625 0.02361111111111111
16 0.296875 0.3416666666666667 0.01484375 0.02638888888888889
16 0.378125 0.35555555555555557 0.0140625 0.02361111111111111
16 0.46328125 0.36527777777777776 0.01328125 0.02361111111111111
16 0.54375 0.3680555555555556 0.0140625 0.02638888888888889
16 0.61875 0.36944444444444446 0.01328125 0.02361111111111111
