11 0.52109375 0.5222222222222223 0.0265625 0.04861111111111111
11 0.04609375 0.5277777777777778 0.01875 0.034722222222222224
64 0.64609375 0.45416666666666666 0.05078125 0.09166666666666666
66 0.2453125 0.15694444444444444 0.0359375 0.06388888888888888
66 0.5203125 0.45416666666666666 0.01953125 0.03611111111111111
79 0.51875 0.37777777777777777 0.02109375 0.0375
11 0.52109375 0.5222222222222223 0.0265625 0.04861111111111111
11 0.04609375 0.5277777777777778 0.01875 0.034722222222222224
64 0.64609375 0.45416666666666666 0.05078125 0.09166666666666666
66 0.2453125 0.15694444444444444 0.0359375 0.06388888888888888
66 0.5203125 0.45416666666666666 0.01953125 0.03611111111111111
79 0.51875 0.37777777777777777 0.02109375 0.0375
11 0.52109375 0.5222222222222223 0.0265625 0.04861111111111111
11 0.04609375 0.5277777777777778 0.01875 0.034722222222222224
64 0.64609375 0.45416666666666666 0.05078125 0.09166666666666666
66 0.2453125 0.15694444444444444 0.0359375 0.06388888888888888
66 0.5203125 0.45416666666666666 0.01953125 0.03611111111111111
79 0.51875 0.37777777777777777 0.02109375 0.0375
