11 0.98515625 0.4 0.02734375 0.06527777777777778
20 0.61640625 0.5444444444444444 0.0265625 0.04722222222222222
64 0.61640625 0.4875 0.03359375 0.058333333333333334
79 0.55703125 0.5680555555555555 0.01953125 0.03611111111111111
79 0.2578125 0.5444444444444444 0.0203125 0.034722222222222224
11 0.98515625 0.4 0.02734375 0.06527777777777778
20 0.61640625 0.5444444444444444 0.0265625 0.04722222222222222
64 0.61640625 0.4875 0.03359375 0.058333333333333334
79 0.55703125 0.5680555555555555 0.01953125 0.03611111111111111
79 0.2578125 0.5444444444444444 0.0203125 0.034722222222222224
11 0.98515625 0.4 0.02734375 0.06527777777777778
20 0.61640625 0.5444444444444444 0.0265625 0.04722222222222222
64 0.61640625 0.4875 0.03359375 0.058333333333333334
79 0.55703125 0.5680555555555555 0.01953125 0.03611111111111111
79 0.2578125 0.5444444444444444 0.0203125 0.034722222222222224
