11 0.6697916666666667 0.39814814814814814 0.025 0.040740740740740744
11 0.29583333333333334 0.42407407407407405 0.013541666666666667 0.021296296296296296
11 0.6151041666666667 0.4351851851851852 0.0140625 0.032407407407407406
11 0.103125 0.49444444444444446 0.0140625 0.041666666666666664
64 0.6588541666666666 0.2861111111111111 0.024479166666666666 0.049074074074074076
11 0.6697916666666667 0.39814814814814814 0.025 0.040740740740740744
11 0.29583333333333334 0.42407407407407405 0.013541666666666667 0.021296296296296296
11 0.6151041666666667 0.4351851851851852 0.0140625 0.032407407407407406
11 0.103125 0.49444444444444446 0.0140625 0.041666666666666664
64 0.6588541666666666 0.2861111111111111 0.024479166666666666 0.049074074074074076
11 0.6697916666666667 0.39814814814814814 0.025 0.040740740740740744
11 0.29583333333333334 0.42407407407407405 0.013541666666666667 0.021296296296296296
11 0.6151041666666667 0.4351851851851852 0.0140625 0.032407407407407406
11 0.103125 0.49444444444444446 0.0140625 0.041666666666666664
64 0.6588541666666666 0.2861111111111111 0.024479166666666666 0.049074074074074076
