0 0.634375 0.4875 0.01328125 0.03611111111111111
41 0.7734375 0.30972222222222223 0.06484375 0.09166666666666666
64 0.94453125 0.5180555555555556 0.0171875 0.030555555555555555
67 0.72109375 0.48055555555555557 0.01953125 0.041666666666666664
66 0.9453125 0.5458333333333333 0.01484375 0.022222222222222223
88 0.77578125 0.2013888888888889 0.075 0.12916666666666668
0 0.634375 0.4875 0.01328125 0.03611111111111111
41 0.7734375 0.30972222222222223 0.06484375 0.09166666666666666
64 0.94453125 0.5180555555555556 0.0171875 0.030555555555555555
67 0.72109375 0.48055555555555557 0.01953125 0.041666666666666664
66 0.9453125 0.5458333333333333 0.01484375 0.022222222222222223
88 0.77578125 0.2013888888888889 0.075 0.12916666666666668
0 0.634375 0.4875 0.01328125 0.03611111111111111
41 0.7734375 0.30972222222222223 0.06484375 0.09166666666666666
64 0.94453125 0.5180555555555556 0.0171875 0.030555555555555555
67 0.72109375 0.48055555555555557 0.01953125 0.041666666666666664
66 0.9453125 0.5458333333333333 0.01484375 0.022222222222222223
88 0.77578125 0.2013888888888889 0.075 0.12916666666666668
