11 0.7520833333333333 0.27685185185185185 0.03958333333333333 0.06574074074074074
11 0.5953125 0.3435185185185185 0.016145833333333335 0.02962962962962963
11 0.3296875 0.37407407407407406 0.013541666666666667 0.024074074074074074
20 0.5713541666666667 0.3925925925925926 0.013541666666666667 0.02962962962962963
11 0.04739583333333333 0.27870370370370373 0.035416666666666666 0.05925925925925926
64 0.7182291666666667 0.06851851851851852 0.05625 0.09444444444444444
75 0.7229166666666667 0.1527777777777778 0.040625 0.07314814814814814
11 0.7520833333333333 0.27685185185185185 0.03958333333333333 0.06574074074074074
11 0.5953125 0.3435185185185185 0.016145833333333335 0.02962962962962963
11 0.3296875 0.37407407407407406 0.013541666666666667 0.024074074074074074
20 0.5713541666666667 0.3925925925925926 0.013541666666666667 0.02962962962962963
11 0.04739583333333333 0.27870370370370373 0.035416666666666666 0.05925925925925926
64 0.7182291666666667 0.06851851851851852 0.05625 0.09444444444444444
75 0.7229166666666667 0.1527777777777778 0.040625 0.07314814814814814
11 0.7520833333333333 0.27685185185185185 0.03958333333333333 0.06574074074074074
11 0.5953125 0.3435185185185185 0.016145833333333335 0.02962962962962963
11 0.3296875 0.37407407407407406 0.013541666666666667 0.024074074074074074
20 0.5713541666666667 0.3925925925925926 0.013541666666666667 0.02962962962962963
11 0.04739583333333333 0.27870370370370373 0.035416666666666666 0.05925925925925926
64 0.7182291666666667 0.06851851851851852 0.05625 0.09444444444444444
75 0.7229166666666667 0.1527777777777778 0.040625 0.07314814814814814
