11 0.5151041666666667 0.45185185185185184 0.008333333333333333 0.014814814814814815
11 0.3234375 0.4675925925925926 0.008333333333333333 0.01574074074074074
37 0.8359375 0.18796296296296297 0.04895833333333333 0.0787037037037037
80 0.8348958333333333 0.2675925925925926 0.03802083333333333 0.0712962962962963
11 0.5151041666666667 0.45185185185185184 0.008333333333333333 0.014814814814814815
11 0.3234375 0.4675925925925926 0.008333333333333333 0.01574074074074074
37 0.8359375 0.18796296296296297 0.04895833333333333 0.0787037037037037
80 0.8348958333333333 0.2675925925925926 0.03802083333333333 0.0712962962962963
11 0.5151041666666667 0.45185185185185184 0.008333333333333333 0.014814814814814815
11 0.3234375 0.4675925925925926 0.008333333333333333 0.01574074074074074
37 0.8359375 0.18796296296296297 0.04895833333333333 0.0787037037037037
80 0.8348958333333333 0.2675925925925926 0.03802083333333333 0.0712962962962963
