11 0.7015625 0.3972222222222222 0.0390625 0.06944444444444445
11 0.034375 0.42083333333333334 0.0328125 0.058333333333333334
11 0.60703125 0.5444444444444444 0.0203125 0.034722222222222224
64 0.69609375 0.31527777777777777 0.05078125 0.09166666666666666
11 0.7015625 0.3972222222222222 0.0390625 0.06944444444444445
11 0.034375 0.42083333333333334 0.0328125 0.058333333333333334
11 0.60703125 0.5444444444444444 0.0203125 0.034722222222222224
64 0.69609375 0.31527777777777777 0.05078125 0.09166666666666666
11 0.7015625 0.3972222222222222 0.0390625 0.06944444444444445
11 0.034375 0.42083333333333334 0.0328125 0.058333333333333334
11 0.60703125 0.5444444444444444 0.0203125 0.034722222222222224
64 0.69609375 0.31527777777777777 0.05078125 0.09166666666666666
