29 0.6703125 0.26296296296296295 0.050520833333333334 0.062037037037037036
21 0.9572916666666667 0.35648148148148145 0.04895833333333333 0.030555555555555555
20 0.7026041666666667 0.5398148148148149 0.014583333333333334 0.025
11 0.9 0.5879629629629629 0.024479166666666666 0.044444444444444446
64 0.9578125 0.4148148148148148 0.043229166666666666 0.07314814814814814
64 0.6859375 0.5361111111111111 0.016666666666666666 0.030555555555555555
78 0.8833333333333333 0.537962962962963 0.015625 0.030555555555555555
29 0.6703125 0.26296296296296295 0.050520833333333334 0.062037037037037036
21 0.9572916666666667 0.35648148148148145 0.04895833333333333 0.030555555555555555
20 0.7026041666666667 0.5398148148148149 0.014583333333333334 0.025
11 0.9 0.5879629629629629 0.024479166666666666 0.044444444444444446
64 0.9578125 0.4148148148148148 0.043229166666666666 0.07314814814814814
64 0.6859375 0.5361111111111111 0.016666666666666666 0.030555555555555555
78 0.8833333333333333 0.537962962962963 0.015625 0.030555555555555555
29 0.6703125 0.26296296296296295 0.050520833333333334 0.062037037037037036
21 0.9572916666666667 0.35648148148148145 0.04895833333333333 0.030555555555555555
20 0.7026041666666667 0.5398148148148149 0.014583333333333334 0.025
11 0.9 0.5879629629629629 0.024479166666666666 0.044444444444444446
64 0.9578125 0.4148148148148148 0.043229166666666666 0.07314814814814814
64 0.6859375 0.5361111111111111 0.016666666666666666 0.030555555555555555
78 0.8833333333333333 0.537962962962963 0.015625 0.030555555555555555
