11 0.10104166666666667 0.46111111111111114 0.016145833333333335 0.03425925925925926
11 0.5416666666666666 0.5388888888888889 0.009895833333333333 0.018518518518518517
21 0.6125 0.5361111111111111 0.024479166666666666 0.017592592592592594
11 0.9640625 0.44074074074074077 0.03854166666666667 0.07314814814814814
11 0.10104166666666667 0.46111111111111114 0.016145833333333335 0.03425925925925926
11 0.5416666666666666 0.5388888888888889 0.009895833333333333 0.018518518518518517
21 0.6125 0.5361111111111111 0.024479166666666666 0.017592592592592594
11 0.9640625 0.44074074074074077 0.03854166666666667 0.07314814814814814
11 0.10104166666666667 0.46111111111111114 0.016145833333333335 0.03425925925925926
11 0.5416666666666666 0.5388888888888889 0.009895833333333333 0.018518518518518517
21 0.6125 0.5361111111111111 0.024479166666666666 0.017592592592592594
11 0.9640625 0.44074074074074077 0.03854166666666667 0.07314814814814814
