37 0.2703125 0.5046296296296297 0.0109375 0.018518518518518517
37 0.5755208333333334 0.4722222222222222 0.011979166666666667 0.017592592592592594
81 0.8880208333333334 0.37037037037037035 0.04375 0.08055555555555556
80 0.2708333333333333 0.524074074074074 0.010416666666666666 0.016666666666666666
37 0.2703125 0.5046296296296297 0.0109375 0.018518518518518517
37 0.5755208333333334 0.4722222222222222 0.011979166666666667 0.017592592592592594
81 0.8880208333333334 0.37037037037037035 0.04375 0.08055555555555556
80 0.2708333333333333 0.524074074074074 0.010416666666666666 0.016666666666666666
37 0.2703125 0.5046296296296297 0.0109375 0.018518518518518517
37 0.5755208333333334 0.4722222222222222 0.011979166666666667 0.017592592592592594
81 0.8880208333333334 0.37037037037037035 0.04375 0.08055555555555556
80 0.2708333333333333 0.524074074074074 0.010416666666666666 0.016666666666666666
