11 0.59921875 0.3902777777777778 0.02265625 0.04027777777777778
11 0.11328125 0.4236111111111111 0.01953125 0.05
11 0.24375 0.45555555555555555 0.02109375 0.034722222222222224
11 0.7984375 0.42777777777777776 0.01328125 0.041666666666666664
11 0.59921875 0.3902777777777778 0.02265625 0.04027777777777778
11 0.11328125 0.4236111111111111 0.01953125 0.05
11 0.24375 0.45555555555555555 0.02109375 0.034722222222222224
11 0.7984375 0.42777777777777776 0.01328125 0.041666666666666664
11 0.59921875 0.3902777777777778 0.02265625 0.04027777777777778
11 0.11328125 0.4236111111111111 0.01953125 0.05
11 0.24375 0.45555555555555555 0.02109375 0.034722222222222224
11 0.7984375 0.42777777777777776 0.01328125 0.041666666666666664
