11 0.565625 0.37777777777777777 0.023958333333333335 0.03796296296296296
11 0.32916666666666666 0.40925925925925927 0.016666666666666666 0.03518518518518519
11 0.5453125 0.42777777777777776 0.011979166666666667 0.023148148148148147
11 0.3776041666666667 0.42314814814814816 0.008854166666666666 0.01574074074074074
64 0.5671875 0.3055555555555556 0.027083333333333334 0.05092592592592592
11 0.565625 0.37777777777777777 0.023958333333333335 0.03796296296296296
11 0.32916666666666666 0.40925925925925927 0.016666666666666666 0.03518518518518519
11 0.5453125 0.42777777777777776 0.011979166666666667 0.023148148148148147
11 0.3776041666666667 0.42314814814814816 0.008854166666666666 0.01574074074074074
64 0.5671875 0.3055555555555556 0.027083333333333334 0.05092592592592592
11 0.565625 0.37777777777777777 0.023958333333333335 0.03796296296296296
11 0.32916666666666666 0.40925925925925927 0.016666666666666666 0.03518518518518519
11 0.5453125 0.42777777777777776 0.011979166666666667 0.023148148148148147
11 0.3776041666666667 0.42314814814814816 0.008854166666666666 0.01574074074074074
64 0.5671875 0.3055555555555556 0.027083333333333334 0.05092592592592592
