11 0.5255208333333333 0.3888888888888889 0.013020833333333334 0.023148148148148147
11 0.17083333333333334 0.4546296296296296 0.009895833333333333 0.020370370370370372
11 0.096875 0.4537037037037037 0.008333333333333333 0.018518518518518517
64 0.6015625 0.35555555555555557 0.04114583333333333 0.07222222222222222
11 0.5255208333333333 0.3888888888888889 0.013020833333333334 0.023148148148148147
11 0.17083333333333334 0.4546296296296296 0.009895833333333333 0.020370370370370372
11 0.096875 0.4537037037037037 0.008333333333333333 0.018518518518518517
64 0.6015625 0.35555555555555557 0.04114583333333333 0.07222222222222222
11 0.5255208333333333 0.3888888888888889 0.013020833333333334 0.023148148148148147
11 0.17083333333333334 0.4546296296296296 0.009895833333333333 0.020370370370370372
11 0.096875 0.4537037037037037 0.008333333333333333 0.018518518518518517
64 0.6015625 0.35555555555555557 0.04114583333333333 0.07222222222222222
