16 0.04453125 0.23194444444444445 0.0140625 0.02361111111111111
16 0.10859375 0.23333333333333334 0.0140625 0.022222222222222223
16 0.3140625 0.22361111111111112 0.01484375 0.02361111111111111
16 0.45625 0.20416666666666666 0.01328125 0.02361111111111111
16 0.52734375 0.19166666666666668 0.01328125 0.025
16 0.04453125 0.23194444444444445 0.0140625 0.02361111111111111
16 0.10859375 0.23333333333333334 0.0140625 0.022222222222222223
16 0.3140625 0.22361111111111112 0.01484375 0.02361111111111111
16 0.45625 0.20416666666666666 0.01328125 0.02361111111111111
16 0.52734375 0.19166666666666668 0.01328125 0.025
16 0.04453125 0.23194444444444445 0.0140625 0.02361111111111111
16 0.10859375 0.23333333333333334 0.0140625 0.022222222222222223
16 0.3140625 0.22361111111111112 0.01484375 0.02361111111111111
16 0.45625 0.20416666666666666 0.01328125 0.02361111111111111
16 0.52734375 0.19166666666666668 0.01328125 0.025
