24 0.7125 0.4527777777777778 0.0140625 0.02638888888888889
78 0.6203125 0.3763888888888889 0.0125 0.025
84 0.6765625 0.44027777777777777 0.0125 0.022222222222222223
79 0.6765625 0.4652777777777778 0.0140625 0.025
24 0.7125 0.4527777777777778 0.0140625 0.02638888888888889
78 0.6203125 0.3763888888888889 0.0125 0.025
84 0.6765625 0.44027777777777777 0.0125 0.022222222222222223
79 0.6765625 0.4652777777777778 0.0140625 0.025
24 0.7125 0.4527777777777778 0.0140625 0.02638888888888889
78 0.6203125 0.3763888888888889 0.0125 0.025
84 0.6765625 0.44027777777777777 0.0125 0.022222222222222223
79 0.6765625 0.4652777777777778 0.0140625 0.025
