37 0.2682291666666667 0.44907407407407407 0.013020833333333334 0.020370370370370372
37 0.5588541666666667 0.4527777777777778 0.009375 0.016666666666666666
81 0.6739583333333333 0.4083333333333333 0.0203125 0.03981481481481482
80 0.26875 0.46944444444444444 0.009895833333333333 0.017592592592592594
80 0.5583333333333333 0.4703703703703704 0.009375 0.017592592592592594
37 0.2682291666666667 0.44907407407407407 0.013020833333333334 0.020370370370370372
37 0.5588541666666667 0.4527777777777778 0.009375 0.016666666666666666
81 0.6739583333333333 0.4083333333333333 0.0203125 0.03981481481481482
80 0.26875 0.46944444444444444 0.009895833333333333 0.017592592592592594
80 0.5583333333333333 0.4703703703703704 0.009375 0.017592592592592594
37 0.2682291666666667 0.44907407407407407 0.013020833333333334 0.020370370370370372
37 0.5588541666666667 0.4527777777777778 0.009375 0.016666666666666666
81 0.6739583333333333 0.4083333333333333 0.0203125 0.03981481481481482
80 0.26875 0.46944444444444444 0.009895833333333333 0.017592592592592594
80 0.5583333333333333 0.4703703703703704 0.009375 0.017592592592592594
