16 0.4546875 0.41944444444444445 0.0140625 0.02361111111111111
16 0.53046875 0.4041666666666667 0.01328125 0.02361111111111111
16 0.59296875 0.37916666666666665 0.0140625 0.025
15 0.64765625 0.42777777777777776 0.01328125 0.02361111111111111
16 0.4546875 0.41944444444444445 0.0140625 0.02361111111111111
16 0.53046875 0.4041666666666667 0.01328125 0.02361111111111111
16 0.59296875 0.37916666666666665 0.0140625 0.025
15 0.64765625 0.42777777777777776 0.01328125 0.02361111111111111
16 0.4546875 0.41944444444444445 0.0140625 0.02361111111111111
16 0.53046875 0.4041666666666667 0.01328125 0.02361111111111111
16 0.59296875 0.37916666666666665 0.0140625 0.025
15 0.64765625 0.42777777777777776 0.01328125 0.02361111111111111
