4 0.7036458333333333 0.362962962962963 0.021354166666666667 0.05555555555555555
71 0.771875 0.42592592592592593 0.010416666666666666 0.023148148148148147
80 0.6588541666666666 0.39166666666666666 0.009375 0.024074074074074074
82 0.8135416666666667 0.425 0.011458333333333333 0.025925925925925925
4 0.7036458333333333 0.362962962962963 0.021354166666666667 0.05555555555555555
71 0.771875 0.42592592592592593 0.010416666666666666 0.023148148148148147
80 0.6588541666666666 0.39166666666666666 0.009375 0.024074074074074074
82 0.8135416666666667 0.425 0.011458333333333333 0.025925925925925925
4 0.7036458333333333 0.362962962962963 0.021354166666666667 0.05555555555555555
71 0.771875 0.42592592592592593 0.010416666666666666 0.023148148148148147
80 0.6588541666666666 0.39166666666666666 0.009375 0.024074074074074074
82 0.8135416666666667 0.425 0.011458333333333333 0.025925925925925925
