11 0.090625 0.43703703703703706 0.0203125 0.03518518518518519
11 0.271875 0.4425925925925926 0.011979166666666667 0.021296296296296296
11 0.56875 0.4675925925925926 0.013541666666666667 0.025
11 0.1484375 0.4925925925925926 0.009375 0.027777777777777776
64 0.6401041666666667 0.26666666666666666 0.03333333333333333 0.05555555555555555
11 0.090625 0.43703703703703706 0.0203125 0.03518518518518519
11 0.271875 0.4425925925925926 0.011979166666666667 0.021296296296296296
11 0.56875 0.4675925925925926 0.013541666666666667 0.025
11 0.1484375 0.4925925925925926 0.009375 0.027777777777777776
64 0.6401041666666667 0.26666666666666666 0.03333333333333333 0.05555555555555555
11 0.090625 0.43703703703703706 0.0203125 0.03518518518518519
11 0.271875 0.4425925925925926 0.011979166666666667 0.021296296296296296
11 0.56875 0.4675925925925926 0.013541666666666667 0.025
11 0.1484375 0.4925925925925926 0.009375 0.027777777777777776
64 0.6401041666666667 0.26666666666666666 0.03333333333333333 0.05555555555555555
