16 0.62421875 0.3138888888888889 0.01875 0.034722222222222224
16 0.5421875 0.33194444444444443 0.0171875 0.030555555555555555
16 0.45 0.34444444444444444 0.01796875 0.03333333333333333
64 0.76953125 0.4583333333333333 0.021875 0.0375
16 0.62421875 0.3138888888888889 0.01875 0.034722222222222224
16 0.5421875 0.33194444444444443 0.0171875 0.030555555555555555
16 0.45 0.34444444444444444 0.01796875 0.03333333333333333
64 0.76953125 0.4583333333333333 0.021875 0.0375
16 0.62421875 0.3138888888888889 0.01875 0.034722222222222224
16 0.5421875 0.33194444444444443 0.0171875 0.030555555555555555
16 0.45 0.34444444444444444 0.01796875 0.03333333333333333
64 0.76953125 0.4583333333333333 0.021875 0.0375
