0 0.13854166666666667 0.5287037037037037 0.0109375 0.024074074074074074
11 0.46875 0.549074074074074 0.0109375 0.020370370370370372
11 0.28125 0.5342592592592592 0.009895833333333333 0.018518518518518517
38 0.5614583333333333 0.3472222222222222 0.03854166666666667 0.05740740740740741
37 0.14114583333333333 0.48333333333333334 0.0140625 0.025
37 0.4822916666666667 0.5138888888888888 0.011458333333333333 0.021296296296296296
81 0.5609375 0.40555555555555556 0.03333333333333333 0.05740740740740741
80 0.14010416666666667 0.5064814814814815 0.0109375 0.018518518518518517
80 0.48125 0.5370370370370371 0.011979166666666667 0.017592592592592594
0 0.13854166666666667 0.5287037037037037 0.0109375 0.024074074074074074
11 0.46875 0.549074074074074 0.0109375 0.020370370370370372
11 0.28125 0.5342592592592592 0.009895833333333333 0.018518518518518517
38 0.5614583333333333 0.3472222222222222 0.03854166666666667 0.05740740740740741
37 0.14114583333333333 0.48333333333333334 0.0140625 0.025
37 0.4822916666666667 0.5138888888888888 0.011458333333333333 0.021296296296296296
81 0.5609375 0.40555555555555556 0.03333333333333333 0.05740740740740741
80 0.14010416666666667 0.5064814814814815 0.0109375 0.018518518518518517
80 0.48125 0.5370370370370371 0.011979166666666667 0.017592592592592594
0 0.13854166666666667 0.5287037037037037 0.0109375 0.024074074074074074
11 0.46875 0.549074074074074 0.0109375 0.020370370370370372
11 0.28125 0.5342592592592592 0.009895833333333333 0.018518518518518517
38 0.5614583333333333 0.3472222222222222 0.03854166666666667 0.05740740740740741
37 0.14114583333333333 0.48333333333333334 0.0140625 0.025
37 0.4822916666666667 0.5138888888888888 0.011458333333333333 0.021296296296296296
81 0.5609375 0.40555555555555556 0.03333333333333333 0.05740740740740741
80 0.14010416666666667 0.5064814814814815 0.0109375 0.018518518518518517
80 0.48125 0.5370370370370371 0.011979166666666667 0.017592592592592594
