11 0.6932291666666667 0.40370370370370373 0.009895833333333333 0.032407407407407406
38 0.6317708333333333 0.3277777777777778 0.03125 0.04722222222222222
66 0.7942708333333334 0.2861111111111111 0.04635416666666667 0.09351851851851851
79 0.6276041666666666 0.4074074074074074 0.025520833333333333 0.04537037037037037
11 0.6932291666666667 0.40370370370370373 0.009895833333333333 0.032407407407407406
38 0.6317708333333333 0.3277777777777778 0.03125 0.04722222222222222
66 0.7942708333333334 0.2861111111111111 0.04635416666666667 0.09351851851851851
79 0.6276041666666666 0.4074074074074074 0.025520833333333333 0.04537037037037037
11 0.6932291666666667 0.40370370370370373 0.009895833333333333 0.032407407407407406
38 0.6317708333333333 0.3277777777777778 0.03125 0.04722222222222222
66 0.7942708333333334 0.2861111111111111 0.04635416666666667 0.09351851851851851
79 0.6276041666666666 0.4074074074074074 0.025520833333333333 0.04537037037037037
