15 0.725 0.5236111111111111 0.015625 0.027777777777777776
37 0.6734375 0.42083333333333334 0.0125 0.022222222222222223
37 0.4578125 0.46111111111111114 0.01484375 0.025
38 0.45859375 0.4861111111111111 0.0140625 0.02361111111111111
15 0.725 0.5236111111111111 0.015625 0.027777777777777776
37 0.6734375 0.42083333333333334 0.0125 0.022222222222222223
37 0.4578125 0.46111111111111114 0.01484375 0.025
38 0.45859375 0.4861111111111111 0.0140625 0.02361111111111111
15 0.725 0.5236111111111111 0.015625 0.027777777777777776
37 0.6734375 0.42083333333333334 0.0125 0.022222222222222223
37 0.4578125 0.46111111111111114 0.01484375 0.025
38 0.45859375 0.4861111111111111 0.0140625 0.02361111111111111
