11 0.016666666666666666 0.35185185185185186 0.03333333333333333 0.05925925925925926
11 0.7322916666666667 0.3888888888888889 0.018229166666666668 0.030555555555555555
11 0.49895833333333334 0.4009259259259259 0.013541666666666667 0.025925925925925925
70 0.221875 0.4527777777777778 0.0140625 0.026851851851851852
11 0.016666666666666666 0.35185185185185186 0.03333333333333333 0.05925925925925926
11 0.7322916666666667 0.3888888888888889 0.018229166666666668 0.030555555555555555
11 0.49895833333333334 0.4009259259259259 0.013541666666666667 0.025925925925925925
70 0.221875 0.4527777777777778 0.0140625 0.026851851851851852
11 0.016666666666666666 0.35185185185185186 0.03333333333333333 0.05925925925925926
11 0.7322916666666667 0.3888888888888889 0.018229166666666668 0.030555555555555555
11 0.49895833333333334 0.4009259259259259 0.013541666666666667 0.025925925925925925
70 0.221875 0.4527777777777778 0.0140625 0.026851851851851852
