20 0.684375 0.4263888888888889 0.025 0.044444444444444446
11 0.6828125 0.4722222222222222 0.02421875 0.04583333333333333
11 0.3921875 0.42777777777777776 0.0171875 0.029166666666666667
99 0.68671875 0.3819444444444444 0.02421875 0.044444444444444446
81 0.75625 0.44583333333333336 0.028125 0.05138888888888889
20 0.684375 0.4263888888888889 0.025 0.044444444444444446
11 0.6828125 0.4722222222222222 0.02421875 0.04583333333333333
11 0.3921875 0.42777777777777776 0.0171875 0.029166666666666667
99 0.68671875 0.3819444444444444 0.02421875 0.044444444444444446
81 0.75625 0.44583333333333336 0.028125 0.05138888888888889
20 0.684375 0.4263888888888889 0.025 0.044444444444444446
11 0.6828125 0.4722222222222222 0.02421875 0.04583333333333333
11 0.3921875 0.42777777777777776 0.0171875 0.029166666666666667
99 0.68671875 0.3819444444444444 0.02421875 0.044444444444444446
81 0.75625 0.44583333333333336 0.028125 0.05138888888888889
