16 0.22109375 0.14166666666666666 0.02109375 0.04027777777777778
16 0.30234375 0.14166666666666666 0.01953125 0.034722222222222224
16 0.3765625 0.1388888888888889 0.02265625 0.034722222222222224
16 0.496875 0.12916666666666668 0.0203125 0.03194444444444444
16 0.22109375 0.14166666666666666 0.02109375 0.04027777777777778
16 0.30234375 0.14166666666666666 0.01953125 0.034722222222222224
16 0.3765625 0.1388888888888889 0.02265625 0.034722222222222224
16 0.496875 0.12916666666666668 0.0203125 0.03194444444444444
16 0.22109375 0.14166666666666666 0.02109375 0.04027777777777778
16 0.30234375 0.14166666666666666 0.01953125 0.034722222222222224
16 0.3765625 0.1388888888888889 0.02265625 0.034722222222222224
16 0.496875 0.12916666666666668 0.0203125 0.03194444444444444
