12 0.6614583333333334 0.48055555555555557 0.028125 0.05
11 0.6604166666666667 0.4305555555555556 0.029166666666666667 0.04814814814814815
11 0.29270833333333335 0.42407407407407405 0.024479166666666666 0.04351851851851852
57 0.7223958333333333 0.375 0.04583333333333333 0.06759259259259259
12 0.6614583333333334 0.48055555555555557 0.028125 0.05
11 0.6604166666666667 0.4305555555555556 0.029166666666666667 0.04814814814814815
11 0.29270833333333335 0.42407407407407405 0.024479166666666666 0.04351851851851852
57 0.7223958333333333 0.375 0.04583333333333333 0.06759259259259259
12 0.6614583333333334 0.48055555555555557 0.028125 0.05
11 0.6604166666666667 0.4305555555555556 0.029166666666666667 0.04814814814814815
11 0.29270833333333335 0.42407407407407405 0.024479166666666666 0.04351851851851852
57 0.7223958333333333 0.375 0.04583333333333333 0.06759259259259259
