41 0.22890625 0.3472222222222222 0.021875 0.030555555555555555
71 0.2875 0.3472222222222222 0.0203125 0.0375
69 0.23671875 0.41388888888888886 0.01328125 0.02361111111111111
90 0.228125 0.38055555555555554 0.01953125 0.030555555555555555
90 0.346875 0.37777777777777777 0.0125 0.02361111111111111
41 0.22890625 0.3472222222222222 0.021875 0.030555555555555555
71 0.2875 0.3472222222222222 0.0203125 0.0375
69 0.23671875 0.41388888888888886 0.01328125 0.02361111111111111
90 0.228125 0.38055555555555554 0.01953125 0.030555555555555555
90 0.346875 0.37777777777777777 0.0125 0.02361111111111111
41 0.22890625 0.3472222222222222 0.021875 0.030555555555555555
71 0.2875 0.3472222222222222 0.0203125 0.0375
69 0.23671875 0.41388888888888886 0.01328125 0.02361111111111111
90 0.228125 0.38055555555555554 0.01953125 0.030555555555555555
90 0.346875 0.37777777777777777 0.0125 0.02361111111111111
