11 0.01171875 0.5152777777777777 0.0234375 0.07361111111111111
11 0.56484375 0.5291666666666667 0.0203125 0.03333333333333333
37 0.59765625 0.4597222222222222 0.03359375 0.05555555555555555
102 0.6 0.5166666666666667 0.03125 0.05277777777777778
11 0.01171875 0.5152777777777777 0.0234375 0.07361111111111111
11 0.56484375 0.5291666666666667 0.0203125 0.03333333333333333
37 0.59765625 0.4597222222222222 0.03359375 0.05555555555555555
102 0.6 0.5166666666666667 0.03125 0.05277777777777778
11 0.01171875 0.5152777777777777 0.0234375 0.07361111111111111
11 0.56484375 0.5291666666666667 0.0203125 0.03333333333333333
37 0.59765625 0.4597222222222222 0.03359375 0.05555555555555555
102 0.6 0.5166666666666667 0.03125 0.05277777777777778
