11 0.965625 0.4513888888888889 0.0203125 0.04027777777777778
44 0.61953125 0.4597222222222222 0.02109375 0.034722222222222224
64 0.8875 0.3680555555555556 0.06171875 0.10833333333333334
64 0.54765625 0.46944444444444444 0.01640625 0.02638888888888889
11 0.965625 0.4513888888888889 0.0203125 0.04027777777777778
44 0.61953125 0.4597222222222222 0.02109375 0.034722222222222224
64 0.8875 0.3680555555555556 0.06171875 0.10833333333333334
64 0.54765625 0.46944444444444444 0.01640625 0.02638888888888889
11 0.965625 0.4513888888888889 0.0203125 0.04027777777777778
44 0.61953125 0.4597222222222222 0.02109375 0.034722222222222224
64 0.8875 0.3680555555555556 0.06171875 0.10833333333333334
64 0.54765625 0.46944444444444444 0.01640625 0.02638888888888889
