15 0.7859375 0.46805555555555556 0.01796875 0.04861111111111111
40 0.3515625 0.43194444444444446 0.01640625 0.027777777777777776
71 0.328125 0.4486111111111111 0.02109375 0.03611111111111111
78 0.89375 0.36666666666666664 0.015625 0.02638888888888889
83 0.73125 0.48333333333333334 0.0125 0.022222222222222223
15 0.7859375 0.46805555555555556 0.01796875 0.04861111111111111
40 0.3515625 0.43194444444444446 0.01640625 0.027777777777777776
71 0.328125 0.4486111111111111 0.02109375 0.03611111111111111
78 0.89375 0.36666666666666664 0.015625 0.02638888888888889
83 0.73125 0.48333333333333334 0.0125 0.022222222222222223
15 0.7859375 0.46805555555555556 0.01796875 0.04861111111111111
40 0.3515625 0.43194444444444446 0.01640625 0.027777777777777776
71 0.328125 0.4486111111111111 0.02109375 0.03611111111111111
78 0.89375 0.36666666666666664 0.015625 0.02638888888888889
83 0.73125 0.48333333333333334 0.0125 0.022222222222222223
