11 0.5526041666666667 0.39537037037037037 0.017708333333333333 0.032407407407407406
11 0.321875 0.4083333333333333 0.015104166666666667 0.027777777777777776
11 0.38177083333333334 0.42314814814814816 0.008854166666666666 0.01574074074074074
20 0.5390625 0.3962962962962963 0.008854166666666666 0.022222222222222223
11 0.5416666666666666 0.4212962962962963 0.011458333333333333 0.022222222222222223
64 0.5505208333333333 0.35 0.0234375 0.04722222222222222
11 0.5526041666666667 0.39537037037037037 0.017708333333333333 0.032407407407407406
11 0.321875 0.4083333333333333 0.015104166666666667 0.027777777777777776
11 0.38177083333333334 0.42314814814814816 0.008854166666666666 0.01574074074074074
20 0.5390625 0.3962962962962963 0.008854166666666666 0.022222222222222223
11 0.5416666666666666 0.4212962962962963 0.011458333333333333 0.022222222222222223
64 0.5505208333333333 0.35 0.0234375 0.04722222222222222
11 0.5526041666666667 0.39537037037037037 0.017708333333333333 0.032407407407407406
11 0.321875 0.4083333333333333 0.015104166666666667 0.027777777777777776
11 0.38177083333333334 0.42314814814814816 0.008854166666666666 0.01574074074074074
20 0.5390625 0.3962962962962963 0.008854166666666666 0.022222222222222223
11 0.5416666666666666 0.4212962962962963 0.011458333333333333 0.022222222222222223
64 0.5505208333333333 0.35 0.0234375 0.04722222222222222
