1 0.74140625 0.35138888888888886 0.01953125 0.04861111111111111
3 0.7421875 0.4041666666666667 0.01796875 0.04722222222222222
64 0.653125 0.4625 0.01640625 0.030555555555555555
68 0.653125 0.4888888888888889 0.0125 0.02361111111111111
1 0.74140625 0.35138888888888886 0.01953125 0.04861111111111111
3 0.7421875 0.4041666666666667 0.01796875 0.04722222222222222
64 0.653125 0.4625 0.01640625 0.030555555555555555
68 0.653125 0.4888888888888889 0.0125 0.02361111111111111
1 0.74140625 0.35138888888888886 0.01953125 0.04861111111111111
3 0.7421875 0.4041666666666667 0.01796875 0.04722222222222222
64 0.653125 0.4625 0.01640625 0.030555555555555555
68 0.653125 0.4888888888888889 0.0125 0.02361111111111111
