16 0.2046875 0.33194444444444443 0.01484375 0.025
16 0.27734375 0.3277777777777778 0.01484375 0.025
16 0.353125 0.31666666666666665 0.01484375 0.027777777777777776
16 0.46484375 0.28888888888888886 0.01484375 0.02638888888888889
64 0.54921875 0.39305555555555555 0.01796875 0.030555555555555555
16 0.2046875 0.33194444444444443 0.01484375 0.025
16 0.27734375 0.3277777777777778 0.01484375 0.025
16 0.353125 0.31666666666666665 0.01484375 0.027777777777777776
16 0.46484375 0.28888888888888886 0.01484375 0.02638888888888889
64 0.54921875 0.39305555555555555 0.01796875 0.030555555555555555
16 0.2046875 0.33194444444444443 0.01484375 0.025
16 0.27734375 0.3277777777777778 0.01484375 0.025
16 0.353125 0.31666666666666665 0.01484375 0.027777777777777776
16 0.46484375 0.28888888888888886 0.01484375 0.02638888888888889
64 0.54921875 0.39305555555555555 0.01796875 0.030555555555555555
