19 0.9609375 0.45694444444444443 0.05703125 0.0625
11 0.40546875 0.49166666666666664 0.01328125 0.02361111111111111
11 0.60234375 0.5055555555555555 0.01484375 0.025
11 0.215625 0.49583333333333335 0.0140625 0.025
19 0.9609375 0.45694444444444443 0.05703125 0.0625
11 0.40546875 0.49166666666666664 0.01328125 0.02361111111111111
11 0.60234375 0.5055555555555555 0.01484375 0.025
11 0.215625 0.49583333333333335 0.0140625 0.025
19 0.9609375 0.45694444444444443 0.05703125 0.0625
11 0.40546875 0.49166666666666664 0.01328125 0.02361111111111111
11 0.60234375 0.5055555555555555 0.01484375 0.025
11 0.215625 0.49583333333333335 0.0140625 0.025
