0 0.509375 0.5268518518518519 0.009375 0.023148148148148147
11 0.5255208333333333 0.5148148148148148 0.0203125 0.03518518518518519
11 0.1296875 0.48518518518518516 0.017708333333333333 0.028703703703703703
12 0.07864583333333333 0.49537037037037035 0.016666666666666666 0.027777777777777776
12 0.5255208333333333 0.5462962962962963 0.017708333333333333 0.027777777777777776
37 0.8296875 0.0824074074074074 0.1125 0.1648148148148148
80 0.828125 0.2657407407407407 0.096875 0.17407407407407408
0 0.509375 0.5268518518518519 0.009375 0.023148148148148147
11 0.5255208333333333 0.5148148148148148 0.0203125 0.03518518518518519
11 0.1296875 0.48518518518518516 0.017708333333333333 0.028703703703703703
12 0.07864583333333333 0.49537037037037035 0.016666666666666666 0.027777777777777776
12 0.5255208333333333 0.5462962962962963 0.017708333333333333 0.027777777777777776
37 0.8296875 0.0824074074074074 0.1125 0.1648148148148148
80 0.828125 0.2657407407407407 0.096875 0.17407407407407408
0 0.509375 0.5268518518518519 0.009375 0.023148148148148147
11 0.5255208333333333 0.5148148148148148 0.0203125 0.03518518518518519
11 0.1296875 0.48518518518518516 0.017708333333333333 0.028703703703703703
12 0.07864583333333333 0.49537037037037035 0.016666666666666666 0.027777777777777776
12 0.5255208333333333 0.5462962962962963 0.017708333333333333 0.027777777777777776
37 0.8296875 0.0824074074074074 0.1125 0.1648148148148148
80 0.828125 0.2657407407407407 0.096875 0.17407407407407408
