11 0.80234375 0.4236111111111111 0.01484375 0.034722222222222224
42 0.67734375 0.39305555555555555 0.03046875 0.043055555555555555
64 0.6765625 0.34305555555555556 0.0375 0.058333333333333334
66 0.678125 0.4375 0.02734375 0.05
66 0.2515625 0.4486111111111111 0.0125 0.027777777777777776
11 0.80234375 0.4236111111111111 0.01484375 0.034722222222222224
42 0.67734375 0.39305555555555555 0.03046875 0.043055555555555555
64 0.6765625 0.34305555555555556 0.0375 0.058333333333333334
66 0.678125 0.4375 0.02734375 0.05
66 0.2515625 0.4486111111111111 0.0125 0.027777777777777776
11 0.80234375 0.4236111111111111 0.01484375 0.034722222222222224
42 0.67734375 0.39305555555555555 0.03046875 0.043055555555555555
64 0.6765625 0.34305555555555556 0.0375 0.058333333333333334
66 0.678125 0.4375 0.02734375 0.05
66 0.2515625 0.4486111111111111 0.0125 0.027777777777777776
