11 0.3296875 0.5013888888888889 0.021875 0.03888888888888889
59 0.30859375 0.5152777777777777 0.01953125 0.03333333333333333
37 0.453125 0.5472222222222223 0.01484375 0.025
81 0.31171875 0.5541666666666667 0.01875 0.030555555555555555
11 0.3296875 0.5013888888888889 0.021875 0.03888888888888889
59 0.30859375 0.5152777777777777 0.01953125 0.03333333333333333
37 0.453125 0.5472222222222223 0.01484375 0.025
81 0.31171875 0.5541666666666667 0.01875 0.030555555555555555
11 0.3296875 0.5013888888888889 0.021875 0.03888888888888889
59 0.30859375 0.5152777777777777 0.01953125 0.03333333333333333
37 0.453125 0.5472222222222223 0.01484375 0.025
81 0.31171875 0.5541666666666667 0.01875 0.030555555555555555
