11 0.5369791666666667 0.7777777777777778 0.019270833333333334 0.03425925925925926
11 0.2875 0.7962962962962963 0.018229166666666668 0.03333333333333333
38 0.4713541666666667 0.7666666666666667 0.018229166666666668 0.027777777777777776
81 0.471875 0.8083333333333333 0.015104166666666667 0.024074074074074074
11 0.5369791666666667 0.7777777777777778 0.019270833333333334 0.03425925925925926
11 0.2875 0.7962962962962963 0.018229166666666668 0.03333333333333333
38 0.4713541666666667 0.7666666666666667 0.018229166666666668 0.027777777777777776
81 0.471875 0.8083333333333333 0.015104166666666667 0.024074074074074074
11 0.5369791666666667 0.7777777777777778 0.019270833333333334 0.03425925925925926
11 0.2875 0.7962962962962963 0.018229166666666668 0.03333333333333333
38 0.4713541666666667 0.7666666666666667 0.018229166666666668 0.027777777777777776
81 0.471875 0.8083333333333333 0.015104166666666667 0.024074074074074074
