16 0.1515625 0.3333333333333333 0.01484375 0.02638888888888889
16 0.2171875 0.35694444444444445 0.01328125 0.022222222222222223
16 0.2921875 0.37777777777777777 0.01328125 0.025
16 0.4453125 0.4013888888888889 0.0125 0.022222222222222223
16 0.51953125 0.4027777777777778 0.01328125 0.025
16 0.1515625 0.3333333333333333 0.01484375 0.02638888888888889
16 0.2171875 0.35694444444444445 0.01328125 0.022222222222222223
16 0.2921875 0.37777777777777777 0.01328125 0.025
16 0.4453125 0.4013888888888889 0.0125 0.022222222222222223
16 0.51953125 0.4027777777777778 0.01328125 0.025
16 0.1515625 0.3333333333333333 0.01484375 0.02638888888888889
16 0.2171875 0.35694444444444445 0.01328125 0.022222222222222223
16 0.2921875 0.37777777777777777 0.01328125 0.025
16 0.4453125 0.4013888888888889 0.0125 0.022222222222222223
16 0.51953125 0.4027777777777778 0.01328125 0.025
