16 0.096875 0.175 0.02578125 0.044444444444444446
16 0.2328125 0.19722222222222222 0.025 0.044444444444444446
16 0.38828125 0.21805555555555556 0.02578125 0.04722222222222222
16 0.54921875 0.23333333333333334 0.0234375 0.044444444444444446
16 0.6875 0.24027777777777778 0.021875 0.03888888888888889
16 0.096875 0.175 0.02578125 0.044444444444444446
16 0.2328125 0.19722222222222222 0.025 0.044444444444444446
16 0.38828125 0.21805555555555556 0.02578125 0.04722222222222222
16 0.54921875 0.23333333333333334 0.0234375 0.044444444444444446
16 0.6875 0.24027777777777778 0.021875 0.03888888888888889
16 0.096875 0.175 0.02578125 0.044444444444444446
16 0.2328125 0.19722222222222222 0.025 0.044444444444444446
16 0.38828125 0.21805555555555556 0.02578125 0.04722222222222222
16 0.54921875 0.23333333333333334 0.0234375 0.044444444444444446
16 0.6875 0.24027777777777778 0.021875 0.03888888888888889
