11 0.440625 0.3888888888888889 0.015625 0.026851851851851852
12 0.4421875 0.4388888888888889 0.018229166666666668 0.028703703703703703
11 0.05520833333333333 0.4212962962962963 0.016666666666666666 0.027777777777777776
11 0.14114583333333333 0.4583333333333333 0.008854166666666666 0.017592592592592594
11 0.7760416666666666 0.22037037037037038 0.0171875 0.0824074074074074
11 0.7541666666666667 0.35555555555555557 0.013541666666666667 0.03148148148148148
11 0.440625 0.3888888888888889 0.015625 0.026851851851851852
12 0.4421875 0.4388888888888889 0.018229166666666668 0.028703703703703703
11 0.05520833333333333 0.4212962962962963 0.016666666666666666 0.027777777777777776
11 0.14114583333333333 0.4583333333333333 0.008854166666666666 0.017592592592592594
11 0.7760416666666666 0.22037037037037038 0.0171875 0.0824074074074074
11 0.7541666666666667 0.35555555555555557 0.013541666666666667 0.03148148148148148
11 0.440625 0.3888888888888889 0.015625 0.026851851851851852
12 0.4421875 0.4388888888888889 0.018229166666666668 0.028703703703703703
11 0.05520833333333333 0.4212962962962963 0.016666666666666666 0.027777777777777776
11 0.14114583333333333 0.4583333333333333 0.008854166666666666 0.017592592592592594
11 0.7760416666666666 0.22037037037037038 0.0171875 0.0824074074074074
11 0.7541666666666667 0.35555555555555557 0.013541666666666667 0.03148148148148148
