12 0.3671875 0.42314814814814816 0.017708333333333333 0.032407407407407406
11 0.453125 0.45740740740740743 0.009895833333333333 0.020370370370370372
11 0.5822916666666667 0.4564814814814815 0.011979166666666667 0.025
12 0.6208333333333333 0.4101851851851852 0.0203125 0.03425925925925926
12 0.3671875 0.42314814814814816 0.017708333333333333 0.032407407407407406
11 0.453125 0.45740740740740743 0.009895833333333333 0.020370370370370372
11 0.5822916666666667 0.4564814814814815 0.011979166666666667 0.025
12 0.6208333333333333 0.4101851851851852 0.0203125 0.03425925925925926
12 0.3671875 0.42314814814814816 0.017708333333333333 0.032407407407407406
11 0.453125 0.45740740740740743 0.009895833333333333 0.020370370370370372
11 0.5822916666666667 0.4564814814814815 0.011979166666666667 0.025
12 0.6208333333333333 0.4101851851851852 0.0203125 0.03425925925925926
