25 0.74453125 0.5486111111111112 0.03515625 0.06388888888888888
52 0.6015625 0.5638888888888889 0.01796875 0.029166666666666667
44 0.603125 0.5916666666666667 0.01875 0.02638888888888889
98 0.74296875 0.4888888888888889 0.0328125 0.059722222222222225
25 0.74453125 0.5486111111111112 0.03515625 0.06388888888888888
52 0.6015625 0.5638888888888889 0.01796875 0.029166666666666667
44 0.603125 0.5916666666666667 0.01875 0.02638888888888889
98 0.74296875 0.4888888888888889 0.0328125 0.059722222222222225
25 0.74453125 0.5486111111111112 0.03515625 0.06388888888888888
52 0.6015625 0.5638888888888889 0.01796875 0.029166666666666667
44 0.603125 0.5916666666666667 0.01875 0.02638888888888889
98 0.74296875 0.4888888888888889 0.0328125 0.059722222222222225
