17 0.24270833333333333 0.34814814814814815 0.026041666666666668 0.046296296296296294
11 0.365625 0.4212962962962963 0.0140625 0.025
11 0.6583333333333333 0.362962962962963 0.018229166666666668 0.03425925925925926
65 0.6796875 0.33240740740740743 0.023958333333333335 0.03981481481481482
17 0.24270833333333333 0.34814814814814815 0.026041666666666668 0.046296296296296294
11 0.365625 0.4212962962962963 0.0140625 0.025
11 0.6583333333333333 0.362962962962963 0.018229166666666668 0.03425925925925926
65 0.6796875 0.33240740740740743 0.023958333333333335 0.03981481481481482
17 0.24270833333333333 0.34814814814814815 0.026041666666666668 0.046296296296296294
11 0.365625 0.4212962962962963 0.0140625 0.025
11 0.6583333333333333 0.362962962962963 0.018229166666666668 0.03425925925925926
65 0.6796875 0.33240740740740743 0.023958333333333335 0.03981481481481482
