0 0.20833333333333334 0.487962962962963 0.011458333333333333 0.02962962962962963
11 0.8755208333333333 0.27685185185185185 0.06041666666666667 0.10925925925925926
37 0.2869791666666667 0.46944444444444444 0.008333333333333333 0.01574074074074074
37 0.5479166666666667 0.4527777777777778 0.009375 0.016666666666666666
80 0.2875 0.48703703703703705 0.008333333333333333 0.016666666666666666
0 0.20833333333333334 0.487962962962963 0.011458333333333333 0.02962962962962963
11 0.8755208333333333 0.27685185185185185 0.06041666666666667 0.10925925925925926
37 0.2869791666666667 0.46944444444444444 0.008333333333333333 0.01574074074074074
37 0.5479166666666667 0.4527777777777778 0.009375 0.016666666666666666
80 0.2875 0.48703703703703705 0.008333333333333333 0.016666666666666666
0 0.20833333333333334 0.487962962962963 0.011458333333333333 0.02962962962962963
11 0.8755208333333333 0.27685185185185185 0.06041666666666667 0.10925925925925926
37 0.2869791666666667 0.46944444444444444 0.008333333333333333 0.01574074074074074
37 0.5479166666666667 0.4527777777777778 0.009375 0.016666666666666666
80 0.2875 0.48703703703703705 0.008333333333333333 0.016666666666666666
