11 0.56015625 0.425 0.02734375 0.05
11 0.090625 0.47638888888888886 0.03046875 0.05277777777777778
11 0.4796875 0.5166666666666667 0.015625 0.025
11 0.28359375 0.5291666666666667 0.01640625 0.02638888888888889
64 0.49609375 0.5027777777777778 0.02265625 0.04583333333333333
11 0.56015625 0.425 0.02734375 0.05
11 0.090625 0.47638888888888886 0.03046875 0.05277777777777778
11 0.4796875 0.5166666666666667 0.015625 0.025
11 0.28359375 0.5291666666666667 0.01640625 0.02638888888888889
64 0.49609375 0.5027777777777778 0.02265625 0.04583333333333333
11 0.56015625 0.425 0.02734375 0.05
11 0.090625 0.47638888888888886 0.03046875 0.05277777777777778
11 0.4796875 0.5166666666666667 0.015625 0.025
11 0.28359375 0.5291666666666667 0.01640625 0.02638888888888889
64 0.49609375 0.5027777777777778 0.02265625 0.04583333333333333
