11 0.3515625 0.49166666666666664 0.009895833333333333 0.016666666666666666
11 0.5692708333333333 0.4777777777777778 0.008854166666666666 0.018518518518518517
37 0.6307291666666667 0.44351851851851853 0.0140625 0.023148148148148147
64 0.6317708333333333 0.4148148148148148 0.016666666666666666 0.032407407407407406
80 0.6317708333333333 0.4685185185185185 0.013541666666666667 0.023148148148148147
11 0.3515625 0.49166666666666664 0.009895833333333333 0.016666666666666666
11 0.5692708333333333 0.4777777777777778 0.008854166666666666 0.018518518518518517
37 0.6307291666666667 0.44351851851851853 0.0140625 0.023148148148148147
64 0.6317708333333333 0.4148148148148148 0.016666666666666666 0.032407407407407406
80 0.6317708333333333 0.4685185185185185 0.013541666666666667 0.023148148148148147
11 0.3515625 0.49166666666666664 0.009895833333333333 0.016666666666666666
11 0.5692708333333333 0.4777777777777778 0.008854166666666666 0.018518518518518517
37 0.6307291666666667 0.44351851851851853 0.0140625 0.023148148148148147
64 0.6317708333333333 0.4148148148148148 0.016666666666666666 0.032407407407407406
80 0.6317708333333333 0.4685185185185185 0.013541666666666667 0.023148148148148147
