38 0.61875 0.35833333333333334 0.0484375 0.08333333333333333
37 0.50234375 0.5152777777777777 0.01484375 0.02361111111111111
38 0.50390625 0.5388888888888889 0.0140625 0.02361111111111111
64 0.62734375 0.5222222222222223 0.04921875 0.08194444444444444
81 0.6234375 0.4375 0.04921875 0.08472222222222223
38 0.61875 0.35833333333333334 0.0484375 0.08333333333333333
37 0.50234375 0.5152777777777777 0.01484375 0.02361111111111111
38 0.50390625 0.5388888888888889 0.0140625 0.02361111111111111
64 0.62734375 0.5222222222222223 0.04921875 0.08194444444444444
81 0.6234375 0.4375 0.04921875 0.08472222222222223
38 0.61875 0.35833333333333334 0.0484375 0.08333333333333333
37 0.50234375 0.5152777777777777 0.01484375 0.02361111111111111
38 0.50390625 0.5388888888888889 0.0140625 0.02361111111111111
64 0.62734375 0.5222222222222223 0.04921875 0.08194444444444444
81 0.6234375 0.4375 0.04921875 0.08472222222222223
