19 0.5369791666666667 0.5425925925925926 0.0171875 0.022222222222222223
11 0.7354166666666667 0.5314814814814814 0.009895833333333333 0.03611111111111111
64 0.9197916666666667 0.23055555555555557 0.078125 0.13148148148148148
66 0.9234375 0.3509259259259259 0.0578125 0.1037037037037037
78 0.7348958333333333 0.4925925925925926 0.011979166666666667 0.030555555555555555
19 0.5369791666666667 0.5425925925925926 0.0171875 0.022222222222222223
11 0.7354166666666667 0.5314814814814814 0.009895833333333333 0.03611111111111111
64 0.9197916666666667 0.23055555555555557 0.078125 0.13148148148148148
66 0.9234375 0.3509259259259259 0.0578125 0.1037037037037037
78 0.7348958333333333 0.4925925925925926 0.011979166666666667 0.030555555555555555
19 0.5369791666666667 0.5425925925925926 0.0171875 0.022222222222222223
11 0.7354166666666667 0.5314814814814814 0.009895833333333333 0.03611111111111111
64 0.9197916666666667 0.23055555555555557 0.078125 0.13148148148148148
66 0.9234375 0.3509259259259259 0.0578125 0.1037037037037037
78 0.7348958333333333 0.4925925925925926 0.011979166666666667 0.030555555555555555
