11 0.0234375 0.44351851851851853 0.016666666666666666 0.026851851851851852
11 0.5411458333333333 0.36018518518518516 0.016145833333333335 0.026851851851851852
11 0.4317708333333333 0.44722222222222224 0.010416666666666666 0.019444444444444445
12 0.43333333333333335 0.4759259259259259 0.009895833333333333 0.019444444444444445
12 0.18177083333333333 0.4981481481481482 0.0109375 0.016666666666666666
11 0.2015625 0.475 0.009895833333333333 0.01574074074074074
64 0.5677083333333334 0.3907407407407407 0.0234375 0.04351851851851852
11 0.0234375 0.44351851851851853 0.016666666666666666 0.026851851851851852
11 0.5411458333333333 0.36018518518518516 0.016145833333333335 0.026851851851851852
11 0.4317708333333333 0.44722222222222224 0.010416666666666666 0.019444444444444445
12 0.43333333333333335 0.4759259259259259 0.009895833333333333 0.019444444444444445
12 0.18177083333333333 0.4981481481481482 0.0109375 0.016666666666666666
11 0.2015625 0.475 0.009895833333333333 0.01574074074074074
64 0.5677083333333334 0.3907407407407407 0.0234375 0.04351851851851852
11 0.0234375 0.44351851851851853 0.016666666666666666 0.026851851851851852
11 0.5411458333333333 0.36018518518518516 0.016145833333333335 0.026851851851851852
11 0.4317708333333333 0.44722222222222224 0.010416666666666666 0.019444444444444445
12 0.43333333333333335 0.4759259259259259 0.009895833333333333 0.019444444444444445
12 0.18177083333333333 0.4981481481481482 0.0109375 0.016666666666666666
11 0.2015625 0.475 0.009895833333333333 0.01574074074074074
64 0.5677083333333334 0.3907407407407407 0.0234375 0.04351851851851852
