11 0.5203125 0.4097222222222222 0.01953125 0.05694444444444444
11 0.0765625 0.44166666666666665 0.02421875 0.04861111111111111
11 0.2640625 0.4888888888888889 0.015625 0.029166666666666667
11 0.571875 0.45555555555555555 0.01484375 0.027777777777777776
64 0.51796875 0.2638888888888889 0.0625 0.11666666666666667
11 0.5203125 0.4097222222222222 0.01953125 0.05694444444444444
11 0.0765625 0.44166666666666665 0.02421875 0.04861111111111111
11 0.2640625 0.4888888888888889 0.015625 0.029166666666666667
11 0.571875 0.45555555555555555 0.01484375 0.027777777777777776
64 0.51796875 0.2638888888888889 0.0625 0.11666666666666667
11 0.5203125 0.4097222222222222 0.01953125 0.05694444444444444
11 0.0765625 0.44166666666666665 0.02421875 0.04861111111111111
11 0.2640625 0.4888888888888889 0.015625 0.029166666666666667
11 0.571875 0.45555555555555555 0.01484375 0.027777777777777776
64 0.51796875 0.2638888888888889 0.0625 0.11666666666666667
