16 0.5328125 0.4 0.01953125 0.034722222222222224
16 0.46015625 0.4097222222222222 0.01796875 0.03194444444444444
16 0.3515625 0.4125 0.01875 0.034722222222222224
16 0.24921875 0.4097222222222222 0.01796875 0.030555555555555555
16 0.18125 0.4013888888888889 0.01796875 0.030555555555555555
16 0.08203125 0.375 0.0171875 0.03194444444444444
17 0.55 0.5722222222222222 0.0125 0.02361111111111111
82 0.728125 0.5319444444444444 0.015625 0.030555555555555555
16 0.5328125 0.4 0.01953125 0.034722222222222224
16 0.46015625 0.4097222222222222 0.01796875 0.03194444444444444
16 0.3515625 0.4125 0.01875 0.034722222222222224
16 0.24921875 0.4097222222222222 0.01796875 0.030555555555555555
16 0.18125 0.4013888888888889 0.01796875 0.030555555555555555
16 0.08203125 0.375 0.0171875 0.03194444444444444
17 0.55 0.5722222222222222 0.0125 0.02361111111111111
82 0.728125 0.5319444444444444 0.015625 0.030555555555555555
16 0.5328125 0.4 0.01953125 0.034722222222222224
16 0.46015625 0.4097222222222222 0.01796875 0.03194444444444444
16 0.3515625 0.4125 0.01875 0.034722222222222224
16 0.24921875 0.4097222222222222 0.01796875 0.030555555555555555
16 0.18125 0.4013888888888889 0.01796875 0.030555555555555555
16 0.08203125 0.375 0.0171875 0.03194444444444444
17 0.55 0.5722222222222222 0.0125 0.02361111111111111
82 0.728125 0.5319444444444444 0.015625 0.030555555555555555
