16 0.60859375 0.35138888888888886 0.01328125 0.022222222222222223
16 0.43359375 0.36527777777777776 0.01328125 0.022222222222222223
16 0.30625 0.36666666666666664 0.01328125 0.025
16 0.2359375 0.3638888888888889 0.0140625 0.025
16 0.1625 0.35833333333333334 0.0140625 0.02361111111111111
16 0.0828125 0.35 0.0140625 0.025
43 0.81640625 0.3861111111111111 0.028125 0.044444444444444446
16 0.60859375 0.35138888888888886 0.01328125 0.022222222222222223
16 0.43359375 0.36527777777777776 0.01328125 0.022222222222222223
16 0.30625 0.36666666666666664 0.01328125 0.025
16 0.2359375 0.3638888888888889 0.0140625 0.025
16 0.1625 0.35833333333333334 0.0140625 0.02361111111111111
16 0.0828125 0.35 0.0140625 0.025
43 0.81640625 0.3861111111111111 0.028125 0.044444444444444446
16 0.60859375 0.35138888888888886 0.01328125 0.022222222222222223
16 0.43359375 0.36527777777777776 0.01328125 0.022222222222222223
16 0.30625 0.36666666666666664 0.01328125 0.025
16 0.2359375 0.3638888888888889 0.0140625 0.025
16 0.1625 0.35833333333333334 0.0140625 0.02361111111111111
16 0.0828125 0.35 0.0140625 0.025
43 0.81640625 0.3861111111111111 0.028125 0.044444444444444446
