11 0.54375 0.5291666666666667 0.0203125 0.0375
11 0.32265625 0.5347222222222222 0.01796875 0.030555555555555555
23 0.5171875 0.5263888888888889 0.015625 0.02638888888888889
38 0.63125 0.37222222222222223 0.0359375 0.05694444444444444
81 0.62890625 0.4638888888888889 0.03046875 0.05416666666666667
11 0.54375 0.5291666666666667 0.0203125 0.0375
11 0.32265625 0.5347222222222222 0.01796875 0.030555555555555555
23 0.5171875 0.5263888888888889 0.015625 0.02638888888888889
38 0.63125 0.37222222222222223 0.0359375 0.05694444444444444
81 0.62890625 0.4638888888888889 0.03046875 0.05416666666666667
11 0.54375 0.5291666666666667 0.0203125 0.0375
11 0.32265625 0.5347222222222222 0.01796875 0.030555555555555555
23 0.5171875 0.5263888888888889 0.015625 0.02638888888888889
38 0.63125 0.37222222222222223 0.0359375 0.05694444444444444
81 0.62890625 0.4638888888888889 0.03046875 0.05416666666666667
