16 0.3265625 0.26805555555555555 0.01328125 0.025
16 0.3875 0.26805555555555555 0.01328125 0.025
16 0.4515625 0.2652777777777778 0.0140625 0.022222222222222223
16 0.5234375 0.25833333333333336 0.01484375 0.025
16 0.3265625 0.26805555555555555 0.01328125 0.025
16 0.3875 0.26805555555555555 0.01328125 0.025
16 0.4515625 0.2652777777777778 0.0140625 0.022222222222222223
16 0.5234375 0.25833333333333336 0.01484375 0.025
16 0.3265625 0.26805555555555555 0.01328125 0.025
16 0.3875 0.26805555555555555 0.01328125 0.025
16 0.4515625 0.2652777777777778 0.0140625 0.022222222222222223
16 0.5234375 0.25833333333333336 0.01484375 0.025
