0 0.5354166666666667 0.44074074074074077 0.008333333333333333 0.023148148148148147
11 0.5614583333333333 0.3731481481481482 0.0203125 0.03518518518518519
11 0.8666666666666667 0.1111111111111111 0.0375 0.10648148148148148
11 0.9510416666666667 0.25925925925925924 0.022916666666666665 0.05277777777777778
0 0.5354166666666667 0.44074074074074077 0.008333333333333333 0.023148148148148147
11 0.5614583333333333 0.3731481481481482 0.0203125 0.03518518518518519
11 0.8666666666666667 0.1111111111111111 0.0375 0.10648148148148148
11 0.9510416666666667 0.25925925925925924 0.022916666666666665 0.05277777777777778
0 0.5354166666666667 0.44074074074074077 0.008333333333333333 0.023148148148148147
11 0.5614583333333333 0.3731481481481482 0.0203125 0.03518518518518519
11 0.8666666666666667 0.1111111111111111 0.0375 0.10648148148148148
11 0.9510416666666667 0.25925925925925924 0.022916666666666665 0.05277777777777778
