11 0.76640625 0.39861111111111114 0.03671875 0.059722222222222225
39 0.4625 0.3972222222222222 0.01953125 0.03611111111111111
99 0.76640625 0.3388888888888889 0.03203125 0.06111111111111111
102 0.46171875 0.4263888888888889 0.01640625 0.02638888888888889
11 0.76640625 0.39861111111111114 0.03671875 0.059722222222222225
39 0.4625 0.3972222222222222 0.01953125 0.03611111111111111
99 0.76640625 0.3388888888888889 0.03203125 0.06111111111111111
102 0.46171875 0.4263888888888889 0.01640625 0.02638888888888889
11 0.76640625 0.39861111111111114 0.03671875 0.059722222222222225
39 0.4625 0.3972222222222222 0.01953125 0.03611111111111111
99 0.76640625 0.3388888888888889 0.03203125 0.06111111111111111
102 0.46171875 0.4263888888888889 0.01640625 0.02638888888888889
