12 0.55625 0.5 0.021875 0.03888888888888889
37 0.6234375 0.3527777777777778 0.040625 0.06944444444444445
79 0.62265625 0.4736111111111111 0.03359375 0.06111111111111111
80 0.6234375 0.4152777777777778 0.034375 0.058333333333333334
12 0.55625 0.5 0.021875 0.03888888888888889
37 0.6234375 0.3527777777777778 0.040625 0.06944444444444445
79 0.62265625 0.4736111111111111 0.03359375 0.06111111111111111
80 0.6234375 0.4152777777777778 0.034375 0.058333333333333334
12 0.55625 0.5 0.021875 0.03888888888888889
37 0.6234375 0.3527777777777778 0.040625 0.06944444444444445
79 0.62265625 0.4736111111111111 0.03359375 0.06111111111111111
80 0.6234375 0.4152777777777778 0.034375 0.058333333333333334
