29 0.7755208333333333 0.4148148148148148 0.03697916666666667 0.04259259259259259
29 0.5546875 0.48055555555555557 0.015104166666666667 0.016666666666666666
45 0.6109375 0.4527777777777778 0.0171875 0.025925925925925925
57 0.6114583333333333 0.47685185185185186 0.017708333333333333 0.025
29 0.7755208333333333 0.4148148148148148 0.03697916666666667 0.04259259259259259
29 0.5546875 0.48055555555555557 0.015104166666666667 0.016666666666666666
45 0.6109375 0.4527777777777778 0.0171875 0.025925925925925925
57 0.6114583333333333 0.47685185185185186 0.017708333333333333 0.025
29 0.7755208333333333 0.4148148148148148 0.03697916666666667 0.04259259259259259
29 0.5546875 0.48055555555555557 0.015104166666666667 0.016666666666666666
45 0.6109375 0.4527777777777778 0.0171875 0.025925925925925925
57 0.6114583333333333 0.47685185185185186 0.017708333333333333 0.025
