11 0.06458333333333334 0.45555555555555555 0.018229166666666668 0.040740740740740744
11 0.5390625 0.5398148148148149 0.011458333333333333 0.020370370370370372
21 0.6161458333333333 0.5342592592592592 0.024479166666666666 0.017592592592592594
11 0.8619791666666666 0.5 0.015104166666666667 0.03981481481481482
11 0.06458333333333334 0.45555555555555555 0.018229166666666668 0.040740740740740744
11 0.5390625 0.5398148148148149 0.011458333333333333 0.020370370370370372
21 0.6161458333333333 0.5342592592592592 0.024479166666666666 0.017592592592592594
11 0.8619791666666666 0.5 0.015104166666666667 0.03981481481481482
11 0.06458333333333334 0.45555555555555555 0.018229166666666668 0.040740740740740744
11 0.5390625 0.5398148148148149 0.011458333333333333 0.020370370370370372
21 0.6161458333333333 0.5342592592592592 0.024479166666666666 0.017592592592592594
11 0.8619791666666666 0.5 0.015104166666666667 0.03981481481481482
