41 0.9390625 0.23333333333333334 0.08125 0.13333333333333333
45 0.5609375 0.42916666666666664 0.01796875 0.02638888888888889
41 0.5625 0.45416666666666666 0.0171875 0.02361111111111111
88 0.94453125 0.35138888888888886 0.06328125 0.11805555555555555
81 0.5625 0.4791666666666667 0.01484375 0.025
41 0.9390625 0.23333333333333334 0.08125 0.13333333333333333
45 0.5609375 0.42916666666666664 0.01796875 0.02638888888888889
41 0.5625 0.45416666666666666 0.0171875 0.02361111111111111
88 0.94453125 0.35138888888888886 0.06328125 0.11805555555555555
81 0.5625 0.4791666666666667 0.01484375 0.025
41 0.9390625 0.23333333333333334 0.08125 0.13333333333333333
45 0.5609375 0.42916666666666664 0.01796875 0.02638888888888889
41 0.5625 0.45416666666666666 0.0171875 0.02361111111111111
88 0.94453125 0.35138888888888886 0.06328125 0.11805555555555555
81 0.5625 0.4791666666666667 0.01484375 0.025
