11 0.9505208333333334 0.07962962962962963 0.09791666666666667 0.16018518518518518
11 0.596875 0.39444444444444443 0.01875 0.03333333333333333
11 0.22395833333333334 0.35648148148148145 0.03333333333333333 0.05648148148148148
11 0.3296875 0.4 0.019791666666666666 0.03611111111111111
11 0.9505208333333334 0.07962962962962963 0.09791666666666667 0.16018518518518518
11 0.596875 0.39444444444444443 0.01875 0.03333333333333333
11 0.22395833333333334 0.35648148148148145 0.03333333333333333 0.05648148148148148
11 0.3296875 0.4 0.019791666666666666 0.03611111111111111
11 0.9505208333333334 0.07962962962962963 0.09791666666666667 0.16018518518518518
11 0.596875 0.39444444444444443 0.01875 0.03333333333333333
11 0.22395833333333334 0.35648148148148145 0.03333333333333333 0.05648148148148148
11 0.3296875 0.4 0.019791666666666666 0.03611111111111111
