11 0.5125 0.4462962962962963 0.010416666666666666 0.019444444444444445
11 0.3177083333333333 0.4777777777777778 0.009895833333333333 0.020370370370370372
12 0.2947916666666667 0.4787037037037037 0.009375 0.016666666666666666
12 0.5145833333333333 0.46574074074074073 0.011458333333333333 0.019444444444444445
37 0.5645833333333333 0.4148148148148148 0.019270833333333334 0.02962962962962963
11 0.5125 0.4462962962962963 0.010416666666666666 0.019444444444444445
11 0.3177083333333333 0.4777777777777778 0.009895833333333333 0.020370370370370372
12 0.2947916666666667 0.4787037037037037 0.009375 0.016666666666666666
12 0.5145833333333333 0.46574074074074073 0.011458333333333333 0.019444444444444445
37 0.5645833333333333 0.4148148148148148 0.019270833333333334 0.02962962962962963
11 0.5125 0.4462962962962963 0.010416666666666666 0.019444444444444445
11 0.3177083333333333 0.4777777777777778 0.009895833333333333 0.020370370370370372
12 0.2947916666666667 0.4787037037037037 0.009375 0.016666666666666666
12 0.5145833333333333 0.46574074074074073 0.011458333333333333 0.019444444444444445
37 0.5645833333333333 0.4148148148148148 0.019270833333333334 0.02962962962962963
