4 0.7307291666666667 0.3638888888888889 0.026041666666666668 0.06388888888888888
71 0.7864583333333334 0.43796296296296294 0.010416666666666666 0.023148148148148147
80 0.671875 0.4 0.009375 0.024074074074074074
95 0.6911458333333333 0.4398148148148148 0.015104166666666667 0.028703703703703703
82 0.834375 0.43703703703703706 0.011458333333333333 0.025925925925925925
4 0.7307291666666667 0.3638888888888889 0.026041666666666668 0.06388888888888888
71 0.7864583333333334 0.43796296296296294 0.010416666666666666 0.023148148148148147
80 0.671875 0.4 0.009375 0.024074074074074074
95 0.6911458333333333 0.4398148148148148 0.015104166666666667 0.028703703703703703
82 0.834375 0.43703703703703706 0.011458333333333333 0.025925925925925925
4 0.7307291666666667 0.3638888888888889 0.026041666666666668 0.06388888888888888
71 0.7864583333333334 0.43796296296296294 0.010416666666666666 0.023148148148148147
80 0.671875 0.4 0.009375 0.024074074074074074
95 0.6911458333333333 0.4398148148148148 0.015104166666666667 0.028703703703703703
82 0.834375 0.43703703703703706 0.011458333333333333 0.025925925925925925
