11 0.79609375 0.3347222222222222 0.06015625 0.10972222222222222
11 0.57734375 0.4166666666666667 0.01953125 0.03333333333333333
11 0.16953125 0.43333333333333335 0.0171875 0.04027777777777778
11 0.271875 0.4597222222222222 0.015625 0.02638888888888889
11 0.79609375 0.3347222222222222 0.06015625 0.10972222222222222
11 0.57734375 0.4166666666666667 0.01953125 0.03333333333333333
11 0.16953125 0.43333333333333335 0.0171875 0.04027777777777778
11 0.271875 0.4597222222222222 0.015625 0.02638888888888889
11 0.79609375 0.3347222222222222 0.06015625 0.10972222222222222
11 0.57734375 0.4166666666666667 0.01953125 0.03333333333333333
11 0.16953125 0.43333333333333335 0.0171875 0.04027777777777778
11 0.271875 0.4597222222222222 0.015625 0.02638888888888889
