11 0.9484375 0.18333333333333332 0.0859375 0.15833333333333333
11 0.4328125 0.44027777777777777 0.0171875 0.03333333333333333
11 0.79765625 0.3875 0.01875 0.07222222222222222
79 0.6609375 0.4722222222222222 0.0140625 0.02638888888888889
11 0.9484375 0.18333333333333332 0.0859375 0.15833333333333333
11 0.4328125 0.44027777777777777 0.0171875 0.03333333333333333
11 0.79765625 0.3875 0.01875 0.07222222222222222
79 0.6609375 0.4722222222222222 0.0140625 0.02638888888888889
11 0.9484375 0.18333333333333332 0.0859375 0.15833333333333333
11 0.4328125 0.44027777777777777 0.0171875 0.03333333333333333
11 0.79765625 0.3875 0.01875 0.07222222222222222
79 0.6609375 0.4722222222222222 0.0140625 0.02638888888888889
