5 0.6015625 0.41388888888888886 0.02265625 0.0625
11 0.58046875 0.4527777777777778 0.0140625 0.025
11 0.2875 0.45694444444444443 0.0140625 0.025
64 0.60078125 0.35138888888888886 0.03203125 0.05416666666666667
5 0.6015625 0.41388888888888886 0.02265625 0.0625
11 0.58046875 0.4527777777777778 0.0140625 0.025
11 0.2875 0.45694444444444443 0.0140625 0.025
64 0.60078125 0.35138888888888886 0.03203125 0.05416666666666667
5 0.6015625 0.41388888888888886 0.02265625 0.0625
11 0.58046875 0.4527777777777778 0.0140625 0.025
11 0.2875 0.45694444444444443 0.0140625 0.025
64 0.60078125 0.35138888888888886 0.03203125 0.05416666666666667
