16 0.225 0.07777777777777778 0.02890625 0.05138888888888889
22 0.3484375 0.4236111111111111 0.0234375 0.03888888888888889
20 0.346875 0.38055555555555554 0.025 0.043055555555555555
16 0.06875 0.025 0.03671875 0.05138888888888889
64 0.34609375 0.3277777777777778 0.02890625 0.05
16 0.225 0.07777777777777778 0.02890625 0.05138888888888889
22 0.3484375 0.4236111111111111 0.0234375 0.03888888888888889
20 0.346875 0.38055555555555554 0.025 0.043055555555555555
16 0.06875 0.025 0.03671875 0.05138888888888889
64 0.34609375 0.3277777777777778 0.02890625 0.05
16 0.225 0.07777777777777778 0.02890625 0.05138888888888889
22 0.3484375 0.4236111111111111 0.0234375 0.03888888888888889
20 0.346875 0.38055555555555554 0.025 0.043055555555555555
16 0.06875 0.025 0.03671875 0.05138888888888889
64 0.34609375 0.3277777777777778 0.02890625 0.05
