20 0.9755208333333333 0.34444444444444444 0.019791666666666666 0.04351851851851852
80 0.853125 0.3194444444444444 0.029166666666666667 0.05277777777777778
95 0.9494791666666667 0.38425925925925924 0.041666666666666664 0.0712962962962963
97 0.8520833333333333 0.38333333333333336 0.03177083333333333 0.058333333333333334
20 0.9755208333333333 0.34444444444444444 0.019791666666666666 0.04351851851851852
80 0.853125 0.3194444444444444 0.029166666666666667 0.05277777777777778
95 0.9494791666666667 0.38425925925925924 0.041666666666666664 0.0712962962962963
97 0.8520833333333333 0.38333333333333336 0.03177083333333333 0.058333333333333334
20 0.9755208333333333 0.34444444444444444 0.019791666666666666 0.04351851851851852
80 0.853125 0.3194444444444444 0.029166666666666667 0.05277777777777778
95 0.9494791666666667 0.38425925925925924 0.041666666666666664 0.0712962962962963
97 0.8520833333333333 0.38333333333333336 0.03177083333333333 0.058333333333333334
