11 0.70859375 0.43472222222222223 0.0421875 0.09027777777777778
11 0.92265625 0.49027777777777776 0.0359375 0.06944444444444445
81 0.23046875 0.4930555555555556 0.02421875 0.034722222222222224
79 0.22890625 0.5305555555555556 0.02265625 0.041666666666666664
11 0.70859375 0.43472222222222223 0.0421875 0.09027777777777778
11 0.92265625 0.49027777777777776 0.0359375 0.06944444444444445
81 0.23046875 0.4930555555555556 0.02421875 0.034722222222222224
79 0.22890625 0.5305555555555556 0.02265625 0.041666666666666664
11 0.70859375 0.43472222222222223 0.0421875 0.09027777777777778
11 0.92265625 0.49027777777777776 0.0359375 0.06944444444444445
81 0.23046875 0.4930555555555556 0.02421875 0.034722222222222224
79 0.22890625 0.5305555555555556 0.02265625 0.041666666666666664
