11 0.55390625 0.4777777777777778 0.0125 0.02361111111111111
11 0.17421875 0.43194444444444446 0.01875 0.034722222222222224
11 0.321875 0.48333333333333334 0.01328125 0.022222222222222223
87 0.59453125 0.43194444444444446 0.02109375 0.041666666666666664
11 0.55390625 0.4777777777777778 0.0125 0.02361111111111111
11 0.17421875 0.43194444444444446 0.01875 0.034722222222222224
11 0.321875 0.48333333333333334 0.01328125 0.022222222222222223
87 0.59453125 0.43194444444444446 0.02109375 0.041666666666666664
11 0.55390625 0.4777777777777778 0.0125 0.02361111111111111
11 0.17421875 0.43194444444444446 0.01875 0.034722222222222224
11 0.321875 0.48333333333333334 0.01328125 0.022222222222222223
87 0.59453125 0.43194444444444446 0.02109375 0.041666666666666664
