11 0.39739583333333334 0.475 0.013541666666666667 0.025
11 0.5734375 0.4685185185185185 0.0140625 0.022222222222222223
52 0.6557291666666667 0.34814814814814815 0.028645833333333332 0.03888888888888889
64 0.571875 0.44351851851851853 0.0140625 0.023148148148148147
11 0.39739583333333334 0.475 0.013541666666666667 0.025
11 0.5734375 0.4685185185185185 0.0140625 0.022222222222222223
52 0.6557291666666667 0.34814814814814815 0.028645833333333332 0.03888888888888889
64 0.571875 0.44351851851851853 0.0140625 0.023148148148148147
11 0.39739583333333334 0.475 0.013541666666666667 0.025
11 0.5734375 0.4685185185185185 0.0140625 0.022222222222222223
52 0.6557291666666667 0.34814814814814815 0.028645833333333332 0.03888888888888889
64 0.571875 0.44351851851851853 0.0140625 0.023148148148148147
