4 0.6239583333333333 0.37407407407407406 0.027083333333333334 0.06111111111111111
17 0.6203125 0.3212962962962963 0.023958333333333335 0.04259259259259259
11 0.5135416666666667 0.44074074074074077 0.011458333333333333 0.020370370370370372
11 0.3578125 0.4351851851851852 0.010416666666666666 0.021296296296296296
4 0.6239583333333333 0.37407407407407406 0.027083333333333334 0.06111111111111111
17 0.6203125 0.3212962962962963 0.023958333333333335 0.04259259259259259
11 0.5135416666666667 0.44074074074074077 0.011458333333333333 0.020370370370370372
11 0.3578125 0.4351851851851852 0.010416666666666666 0.021296296296296296
4 0.6239583333333333 0.37407407407407406 0.027083333333333334 0.06111111111111111
17 0.6203125 0.3212962962962963 0.023958333333333335 0.04259259259259259
11 0.5135416666666667 0.44074074074074077 0.011458333333333333 0.020370370370370372
11 0.3578125 0.4351851851851852 0.010416666666666666 0.021296296296296296
