11 0.73828125 0.4666666666666667 0.04375 0.06944444444444445
11 0.07265625 0.4708333333333333 0.03046875 0.05138888888888889
64 0.68125 0.4597222222222222 0.0421875 0.0625
68 0.6796875 0.39305555555555555 0.0328125 0.05694444444444444
11 0.73828125 0.4666666666666667 0.04375 0.06944444444444445
11 0.07265625 0.4708333333333333 0.03046875 0.05138888888888889
64 0.68125 0.4597222222222222 0.0421875 0.0625
68 0.6796875 0.39305555555555555 0.0328125 0.05694444444444444
11 0.73828125 0.4666666666666667 0.04375 0.06944444444444445
11 0.07265625 0.4708333333333333 0.03046875 0.05138888888888889
64 0.68125 0.4597222222222222 0.0421875 0.0625
68 0.6796875 0.39305555555555555 0.0328125 0.05694444444444444
