11 0.203125 0.4388888888888889 0.025 0.043055555555555555
11 0.6421875 0.4583333333333333 0.0296875 0.05277777777777778
11 0.83125 0.46944444444444444 0.01328125 0.05416666666666667
11 0.109375 0.3972222222222222 0.0171875 0.05
11 0.203125 0.4388888888888889 0.025 0.043055555555555555
11 0.6421875 0.4583333333333333 0.0296875 0.05277777777777778
11 0.83125 0.46944444444444444 0.01328125 0.05416666666666667
11 0.109375 0.3972222222222222 0.0171875 0.05
11 0.203125 0.4388888888888889 0.025 0.043055555555555555
11 0.6421875 0.4583333333333333 0.0296875 0.05277777777777778
11 0.83125 0.46944444444444444 0.01328125 0.05416666666666667
11 0.109375 0.3972222222222222 0.0171875 0.05
