11 0.8442708333333333 0.4787037037037037 0.035416666666666666 0.058333333333333334
11 0.4583333333333333 0.4046296296296296 0.017708333333333333 0.03333333333333333
11 0.007291666666666667 0.3509259259259259 0.015104166666666667 0.05740740740740741
78 0.9 0.30185185185185187 0.0421875 0.06574074074074074
11 0.8442708333333333 0.4787037037037037 0.035416666666666666 0.058333333333333334
11 0.4583333333333333 0.4046296296296296 0.017708333333333333 0.03333333333333333
11 0.007291666666666667 0.3509259259259259 0.015104166666666667 0.05740740740740741
78 0.9 0.30185185185185187 0.0421875 0.06574074074074074
11 0.8442708333333333 0.4787037037037037 0.035416666666666666 0.058333333333333334
11 0.4583333333333333 0.4046296296296296 0.017708333333333333 0.03333333333333333
11 0.007291666666666667 0.3509259259259259 0.015104166666666667 0.05740740740740741
78 0.9 0.30185185185185187 0.0421875 0.06574074074074074
