11 0.19895833333333332 0.49166666666666664 0.0109375 0.018518518518518517
11 0.7 0.5148148148148148 0.010416666666666666 0.018518518518518517
29 0.3921875 0.5055555555555555 0.0109375 0.014814814814814815
11 0.4640625 0.5101851851851852 0.008333333333333333 0.017592592592592594
11 0.5630208333333333 0.5277777777777778 0.008333333333333333 0.016666666666666666
64 0.725 0.3962962962962963 0.028125 0.04722222222222222
11 0.19895833333333332 0.49166666666666664 0.0109375 0.018518518518518517
11 0.7 0.5148148148148148 0.010416666666666666 0.018518518518518517
29 0.3921875 0.5055555555555555 0.0109375 0.014814814814814815
11 0.4640625 0.5101851851851852 0.008333333333333333 0.017592592592592594
11 0.5630208333333333 0.5277777777777778 0.008333333333333333 0.016666666666666666
64 0.725 0.3962962962962963 0.028125 0.04722222222222222
11 0.19895833333333332 0.49166666666666664 0.0109375 0.018518518518518517
11 0.7 0.5148148148148148 0.010416666666666666 0.018518518518518517
29 0.3921875 0.5055555555555555 0.0109375 0.014814814814814815
11 0.4640625 0.5101851851851852 0.008333333333333333 0.017592592592592594
11 0.5630208333333333 0.5277777777777778 0.008333333333333333 0.016666666666666666
64 0.725 0.3962962962962963 0.028125 0.04722222222222222
