29 0.8567708333333334 0.3194444444444444 0.10989583333333333 0.0962962962962963
29 0.4859375 0.5259259259259259 0.015625 0.014814814814814815
11 0.503125 0.5222222222222223 0.009895833333333333 0.01574074074074074
64 0.4864583333333333 0.5074074074074074 0.0109375 0.018518518518518517
29 0.8567708333333334 0.3194444444444444 0.10989583333333333 0.0962962962962963
29 0.4859375 0.5259259259259259 0.015625 0.014814814814814815
11 0.503125 0.5222222222222223 0.009895833333333333 0.01574074074074074
64 0.4864583333333333 0.5074074074074074 0.0109375 0.018518518518518517
29 0.8567708333333334 0.3194444444444444 0.10989583333333333 0.0962962962962963
29 0.4859375 0.5259259259259259 0.015625 0.014814814814814815
11 0.503125 0.5222222222222223 0.009895833333333333 0.01574074074074074
64 0.4864583333333333 0.5074074074074074 0.0109375 0.018518518518518517
