12 0.4296875 0.5555555555555556 0.01484375 0.029166666666666667
37 0.5578125 0.49444444444444446 0.03515625 0.06111111111111111
81 0.559375 0.5527777777777778 0.03046875 0.05416666666666667
80 0.43125 0.5833333333333334 0.01484375 0.02638888888888889
12 0.4296875 0.5555555555555556 0.01484375 0.029166666666666667
37 0.5578125 0.49444444444444446 0.03515625 0.06111111111111111
81 0.559375 0.5527777777777778 0.03046875 0.05416666666666667
80 0.43125 0.5833333333333334 0.01484375 0.02638888888888889
12 0.4296875 0.5555555555555556 0.01484375 0.029166666666666667
37 0.5578125 0.49444444444444446 0.03515625 0.06111111111111111
81 0.559375 0.5527777777777778 0.03046875 0.05416666666666667
80 0.43125 0.5833333333333334 0.01484375 0.02638888888888889
