11 0.5052083333333334 0.4666666666666667 0.010416666666666666 0.016666666666666666
11 0.3651041666666667 0.4888888888888889 0.008333333333333333 0.016666666666666666
37 0.528125 0.45555555555555555 0.011458333333333333 0.017592592592592594
64 0.7088541666666667 0.2361111111111111 0.0703125 0.12037037037037036
81 0.7203125 0.3537037037037037 0.0546875 0.09814814814814815
11 0.5052083333333334 0.4666666666666667 0.010416666666666666 0.016666666666666666
11 0.3651041666666667 0.4888888888888889 0.008333333333333333 0.016666666666666666
37 0.528125 0.45555555555555555 0.011458333333333333 0.017592592592592594
64 0.7088541666666667 0.2361111111111111 0.0703125 0.12037037037037036
81 0.7203125 0.3537037037037037 0.0546875 0.09814814814814815
11 0.5052083333333334 0.4666666666666667 0.010416666666666666 0.016666666666666666
11 0.3651041666666667 0.4888888888888889 0.008333333333333333 0.016666666666666666
37 0.528125 0.45555555555555555 0.011458333333333333 0.017592592592592594
64 0.7088541666666667 0.2361111111111111 0.0703125 0.12037037037037036
81 0.7203125 0.3537037037037037 0.0546875 0.09814814814814815
