11 0.63359375 0.4125 0.02578125 0.04722222222222222
11 0.16796875 0.43194444444444446 0.021875 0.04027777777777778
98 0.578125 0.42916666666666664 0.0125 0.02361111111111111
79 0.57890625 0.45694444444444443 0.01328125 0.025
11 0.63359375 0.4125 0.02578125 0.04722222222222222
11 0.16796875 0.43194444444444446 0.021875 0.04027777777777778
98 0.578125 0.42916666666666664 0.0125 0.02361111111111111
79 0.57890625 0.45694444444444443 0.01328125 0.025
11 0.63359375 0.4125 0.02578125 0.04722222222222222
11 0.16796875 0.43194444444444446 0.021875 0.04027777777777778
98 0.578125 0.42916666666666664 0.0125 0.02361111111111111
79 0.57890625 0.45694444444444443 0.01328125 0.025
