11 0.81484375 0.36527777777777776 0.0515625 0.09027777777777778
47 0.56796875 0.4625 0.01484375 0.025
42 0.56796875 0.4861111111111111 0.0140625 0.02361111111111111
98 0.64609375 0.425 0.02109375 0.04027777777777778
79 0.646875 0.4666666666666667 0.02109375 0.03611111111111111
11 0.81484375 0.36527777777777776 0.0515625 0.09027777777777778
47 0.56796875 0.4625 0.01484375 0.025
42 0.56796875 0.4861111111111111 0.0140625 0.02361111111111111
98 0.64609375 0.425 0.02109375 0.04027777777777778
79 0.646875 0.4666666666666667 0.02109375 0.03611111111111111
11 0.81484375 0.36527777777777776 0.0515625 0.09027777777777778
47 0.56796875 0.4625 0.01484375 0.025
42 0.56796875 0.4861111111111111 0.0140625 0.02361111111111111
98 0.64609375 0.425 0.02109375 0.04027777777777778
79 0.646875 0.4666666666666667 0.02109375 0.03611111111111111
