11 0.865625 0.5041666666666667 0.01640625 0.02361111111111111
41 0.6953125 0.5055555555555555 0.04140625 0.06805555555555555
64 0.88515625 0.4013888888888889 0.01953125 0.0375
69 0.73203125 0.5125 0.0328125 0.06111111111111111
70 0.76796875 0.5125 0.03671875 0.06666666666666667
68 0.8859375 0.43472222222222223 0.0171875 0.030555555555555555
81 0.8078125 0.49722222222222223 0.034375 0.06111111111111111
11 0.865625 0.5041666666666667 0.01640625 0.02361111111111111
41 0.6953125 0.5055555555555555 0.04140625 0.06805555555555555
64 0.88515625 0.4013888888888889 0.01953125 0.0375
69 0.73203125 0.5125 0.0328125 0.06111111111111111
70 0.76796875 0.5125 0.03671875 0.06666666666666667
68 0.8859375 0.43472222222222223 0.0171875 0.030555555555555555
81 0.8078125 0.49722222222222223 0.034375 0.06111111111111111
11 0.865625 0.5041666666666667 0.01640625 0.02361111111111111
41 0.6953125 0.5055555555555555 0.04140625 0.06805555555555555
64 0.88515625 0.4013888888888889 0.01953125 0.0375
69 0.73203125 0.5125 0.0328125 0.06111111111111111
70 0.76796875 0.5125 0.03671875 0.06666666666666667
68 0.8859375 0.43472222222222223 0.0171875 0.030555555555555555
81 0.8078125 0.49722222222222223 0.034375 0.06111111111111111
