24 0.44609375 0.49166666666666664 0.0125 0.022222222222222223
64 0.84453125 0.37222222222222223 0.06171875 0.10138888888888889
64 0.20859375 0.3597222222222222 0.02265625 0.04027777777777778
66 0.83984375 0.47638888888888886 0.05390625 0.09444444444444444
24 0.44609375 0.49166666666666664 0.0125 0.022222222222222223
64 0.84453125 0.37222222222222223 0.06171875 0.10138888888888889
64 0.20859375 0.3597222222222222 0.02265625 0.04027777777777778
66 0.83984375 0.47638888888888886 0.05390625 0.09444444444444444
24 0.44609375 0.49166666666666664 0.0125 0.022222222222222223
64 0.84453125 0.37222222222222223 0.06171875 0.10138888888888889
64 0.20859375 0.3597222222222222 0.02265625 0.04027777777777778
66 0.83984375 0.47638888888888886 0.05390625 0.09444444444444444
