0 0.5682291666666667 0.3425925925925926 0.015625 0.03888888888888889
11 0.07083333333333333 0.33611111111111114 0.030729166666666665 0.05740740740740741
87 0.6661458333333333 0.08148148148148149 0.042708333333333334 0.06944444444444445
92 0.8723958333333334 0.3351851851851852 0.0171875 0.05277777777777778
0 0.5682291666666667 0.3425925925925926 0.015625 0.03888888888888889
11 0.07083333333333333 0.33611111111111114 0.030729166666666665 0.05740740740740741
87 0.6661458333333333 0.08148148148148149 0.042708333333333334 0.06944444444444445
92 0.8723958333333334 0.3351851851851852 0.0171875 0.05277777777777778
0 0.5682291666666667 0.3425925925925926 0.015625 0.03888888888888889
11 0.07083333333333333 0.33611111111111114 0.030729166666666665 0.05740740740740741
87 0.6661458333333333 0.08148148148148149 0.042708333333333334 0.06944444444444445
92 0.8723958333333334 0.3351851851851852 0.0171875 0.05277777777777778
