11 0.5078125 0.5541666666666667 0.01640625 0.027777777777777776
11 0.340625 0.5611111111111111 0.01484375 0.025
38 0.54609375 0.4666666666666667 0.021875 0.034722222222222224
81 0.54453125 0.5222222222222223 0.01875 0.03194444444444444
11 0.5078125 0.5541666666666667 0.01640625 0.027777777777777776
11 0.340625 0.5611111111111111 0.01484375 0.025
38 0.54609375 0.4666666666666667 0.021875 0.034722222222222224
81 0.54453125 0.5222222222222223 0.01875 0.03194444444444444
11 0.5078125 0.5541666666666667 0.01640625 0.027777777777777776
11 0.340625 0.5611111111111111 0.01484375 0.025
38 0.54609375 0.4666666666666667 0.021875 0.034722222222222224
81 0.54453125 0.5222222222222223 0.01875 0.03194444444444444
