11 0.1640625 0.40925925925925927 0.03229166666666667 0.058333333333333334
11 0.3953125 0.5027777777777778 0.016666666666666666 0.030555555555555555
11 0.5901041666666667 0.4546296296296296 0.034375 0.06018518518518518
17 0.5911458333333334 0.5083333333333333 0.027083333333333334 0.044444444444444446
11 0.08854166666666667 0.44351851851851853 0.0140625 0.046296296296296294
11 0.5630208333333333 0.4861111111111111 0.019270833333333334 0.032407407407407406
11 0.30520833333333336 0.4898148148148148 0.008854166666666666 0.03611111111111111
87 0.16510416666666666 0.3527777777777778 0.025520833333333333 0.04722222222222222
87 0.5890625 0.4009259259259259 0.025 0.044444444444444446
11 0.1640625 0.40925925925925927 0.03229166666666667 0.058333333333333334
11 0.3953125 0.5027777777777778 0.016666666666666666 0.030555555555555555
11 0.5901041666666667 0.4546296296296296 0.034375 0.06018518518518518
17 0.5911458333333334 0.5083333333333333 0.027083333333333334 0.044444444444444446
11 0.08854166666666667 0.44351851851851853 0.0140625 0.046296296296296294
11 0.5630208333333333 0.4861111111111111 0.019270833333333334 0.032407407407407406
11 0.30520833333333336 0.4898148148148148 0.008854166666666666 0.03611111111111111
87 0.16510416666666666 0.3527777777777778 0.025520833333333333 0.04722222222222222
87 0.5890625 0.4009259259259259 0.025 0.044444444444444446
11 0.1640625 0.40925925925925927 0.03229166666666667 0.058333333333333334
11 0.3953125 0.5027777777777778 0.016666666666666666 0.030555555555555555
11 0.5901041666666667 0.4546296296296296 0.034375 0.06018518518518518
17 0.5911458333333334 0.5083333333333333 0.027083333333333334 0.044444444444444446
11 0.08854166666666667 0.44351851851851853 0.0140625 0.046296296296296294
11 0.5630208333333333 0.4861111111111111 0.019270833333333334 0.032407407407407406
11 0.30520833333333336 0.4898148148148148 0.008854166666666666 0.03611111111111111
87 0.16510416666666666 0.3527777777777778 0.025520833333333333 0.04722222222222222
87 0.5890625 0.4009259259259259 0.025 0.044444444444444446
