0 0.0296875 0.462037037037037 0.018229166666666668 0.040740740740740744
11 0.5791666666666667 0.4583333333333333 0.015104166666666667 0.028703703703703703
11 0.27760416666666665 0.5018518518518519 0.0140625 0.026851851851851852
64 0.5932291666666667 0.40370370370370373 0.027604166666666666 0.046296296296296294
0 0.0296875 0.462037037037037 0.018229166666666668 0.040740740740740744
11 0.5791666666666667 0.4583333333333333 0.015104166666666667 0.028703703703703703
11 0.27760416666666665 0.5018518518518519 0.0140625 0.026851851851851852
64 0.5932291666666667 0.40370370370370373 0.027604166666666666 0.046296296296296294
0 0.0296875 0.462037037037037 0.018229166666666668 0.040740740740740744
11 0.5791666666666667 0.4583333333333333 0.015104166666666667 0.028703703703703703
11 0.27760416666666665 0.5018518518518519 0.0140625 0.026851851851851852
64 0.5932291666666667 0.40370370370370373 0.027604166666666666 0.046296296296296294
