11 0.61015625 0.5152777777777777 0.01953125 0.03611111111111111
11 0.30859375 0.5319444444444444 0.01796875 0.025
11 0.871875 0.44305555555555554 0.02265625 0.0763888888888889
70 0.2484375 0.5125 0.01875 0.03333333333333333
78 0.2296875 0.5125 0.01875 0.03611111111111111
11 0.61015625 0.5152777777777777 0.01953125 0.03611111111111111
11 0.30859375 0.5319444444444444 0.01796875 0.025
11 0.871875 0.44305555555555554 0.02265625 0.0763888888888889
70 0.2484375 0.5125 0.01875 0.03333333333333333
78 0.2296875 0.5125 0.01875 0.03611111111111111
11 0.61015625 0.5152777777777777 0.01953125 0.03611111111111111
11 0.30859375 0.5319444444444444 0.01796875 0.025
11 0.871875 0.44305555555555554 0.02265625 0.0763888888888889
70 0.2484375 0.5125 0.01875 0.03333333333333333
78 0.2296875 0.5125 0.01875 0.03611111111111111
