16 0.43046875 0.4236111111111111 0.021875 0.03888888888888889
16 0.50078125 0.4111111111111111 0.02109375 0.03888888888888889
16 0.58125 0.3888888888888889 0.021875 0.03888888888888889
64 0.7671875 0.5222222222222223 0.02421875 0.044444444444444446
16 0.43046875 0.4236111111111111 0.021875 0.03888888888888889
16 0.50078125 0.4111111111111111 0.02109375 0.03888888888888889
16 0.58125 0.3888888888888889 0.021875 0.03888888888888889
64 0.7671875 0.5222222222222223 0.02421875 0.044444444444444446
16 0.43046875 0.4236111111111111 0.021875 0.03888888888888889
16 0.50078125 0.4111111111111111 0.02109375 0.03888888888888889
16 0.58125 0.3888888888888889 0.021875 0.03888888888888889
64 0.7671875 0.5222222222222223 0.02421875 0.044444444444444446
