16 0.27421875 0.2875 0.021875 0.0375
16 0.3796875 0.30694444444444446 0.01953125 0.03333333333333333
16 0.49296875 0.32222222222222224 0.01875 0.03333333333333333
16 0.603125 0.3333333333333333 0.01875 0.03333333333333333
16 0.27421875 0.2875 0.021875 0.0375
16 0.3796875 0.30694444444444446 0.01953125 0.03333333333333333
16 0.49296875 0.32222222222222224 0.01875 0.03333333333333333
16 0.603125 0.3333333333333333 0.01875 0.03333333333333333
16 0.27421875 0.2875 0.021875 0.0375
16 0.3796875 0.30694444444444446 0.01953125 0.03333333333333333
16 0.49296875 0.32222222222222224 0.01875 0.03333333333333333
16 0.603125 0.3333333333333333 0.01875 0.03333333333333333
