11 0.4895833333333333 0.5425925925925926 0.013020833333333334 0.023148148148148147
11 0.24375 0.5268518518518519 0.009895833333333333 0.018518518518518517
12 0.22447916666666667 0.5333333333333333 0.010416666666666666 0.01574074074074074
12 0.4890625 0.562037037037037 0.009895833333333333 0.01574074074074074
37 0.5208333333333334 0.48055555555555557 0.018229166666666668 0.03333333333333333
80 0.5203125 0.5157407407407407 0.016666666666666666 0.030555555555555555
11 0.4895833333333333 0.5425925925925926 0.013020833333333334 0.023148148148148147
11 0.24375 0.5268518518518519 0.009895833333333333 0.018518518518518517
12 0.22447916666666667 0.5333333333333333 0.010416666666666666 0.01574074074074074
12 0.4890625 0.562037037037037 0.009895833333333333 0.01574074074074074
37 0.5208333333333334 0.48055555555555557 0.018229166666666668 0.03333333333333333
80 0.5203125 0.5157407407407407 0.016666666666666666 0.030555555555555555
11 0.4895833333333333 0.5425925925925926 0.013020833333333334 0.023148148148148147
11 0.24375 0.5268518518518519 0.009895833333333333 0.018518518518518517
12 0.22447916666666667 0.5333333333333333 0.010416666666666666 0.01574074074074074
12 0.4890625 0.562037037037037 0.009895833333333333 0.01574074074074074
37 0.5208333333333334 0.48055555555555557 0.018229166666666668 0.03333333333333333
80 0.5203125 0.5157407407407407 0.016666666666666666 0.030555555555555555
