15 0.53515625 0.5111111111111111 0.01328125 0.02638888888888889
64 0.62265625 0.5 0.025 0.044444444444444446
69 0.5265625 0.5763888888888888 0.02734375 0.044444444444444446
81 0.5640625 0.5819444444444445 0.01328125 0.025
15 0.53515625 0.5111111111111111 0.01328125 0.02638888888888889
64 0.62265625 0.5 0.025 0.044444444444444446
69 0.5265625 0.5763888888888888 0.02734375 0.044444444444444446
81 0.5640625 0.5819444444444445 0.01328125 0.025
15 0.53515625 0.5111111111111111 0.01328125 0.02638888888888889
64 0.62265625 0.5 0.025 0.044444444444444446
69 0.5265625 0.5763888888888888 0.02734375 0.044444444444444446
81 0.5640625 0.5819444444444445 0.01328125 0.025
