11 0.534375 0.42083333333333334 0.028125 0.04722222222222222
11 0.1625 0.3888888888888889 0.02265625 0.04583333333333333
65 0.53984375 0.3111111111111111 0.034375 0.06805555555555555
87 0.53515625 0.37222222222222223 0.02734375 0.04861111111111111
11 0.534375 0.42083333333333334 0.028125 0.04722222222222222
11 0.1625 0.3888888888888889 0.02265625 0.04583333333333333
65 0.53984375 0.3111111111111111 0.034375 0.06805555555555555
87 0.53515625 0.37222222222222223 0.02734375 0.04861111111111111
11 0.534375 0.42083333333333334 0.028125 0.04722222222222222
11 0.1625 0.3888888888888889 0.02265625 0.04583333333333333
65 0.53984375 0.3111111111111111 0.034375 0.06805555555555555
87 0.53515625 0.37222222222222223 0.02734375 0.04861111111111111
