11 0.5802083333333333 0.44907407407407407 0.016145833333333335 0.026851851851851852
11 0.31666666666666665 0.4064814814814815 0.0171875 0.03148148148148148
11 0.5916666666666667 0.4861111111111111 0.011458333333333333 0.020370370370370372
64 0.5807291666666666 0.3824074074074074 0.019270833333333334 0.03518518518518519
68 0.5796875 0.41759259259259257 0.016145833333333335 0.028703703703703703
11 0.5802083333333333 0.44907407407407407 0.016145833333333335 0.026851851851851852
11 0.31666666666666665 0.4064814814814815 0.0171875 0.03148148148148148
11 0.5916666666666667 0.4861111111111111 0.011458333333333333 0.020370370370370372
64 0.5807291666666666 0.3824074074074074 0.019270833333333334 0.03518518518518519
68 0.5796875 0.41759259259259257 0.016145833333333335 0.028703703703703703
11 0.5802083333333333 0.44907407407407407 0.016145833333333335 0.026851851851851852
11 0.31666666666666665 0.4064814814814815 0.0171875 0.03148148148148148
11 0.5916666666666667 0.4861111111111111 0.011458333333333333 0.020370370370370372
64 0.5807291666666666 0.3824074074074074 0.019270833333333334 0.03518518518518519
68 0.5796875 0.41759259259259257 0.016145833333333335 0.028703703703703703
