16 0.271875 0.35694444444444445 0.01484375 0.02638888888888889
16 0.325 0.37083333333333335 0.0140625 0.027777777777777776
16 0.390625 0.3819444444444444 0.0140625 0.025
16 0.44921875 0.39166666666666666 0.01328125 0.025
16 0.271875 0.35694444444444445 0.01484375 0.02638888888888889
16 0.325 0.37083333333333335 0.0140625 0.027777777777777776
16 0.390625 0.3819444444444444 0.0140625 0.025
16 0.44921875 0.39166666666666666 0.01328125 0.025
16 0.271875 0.35694444444444445 0.01484375 0.02638888888888889
16 0.325 0.37083333333333335 0.0140625 0.027777777777777776
16 0.390625 0.3819444444444444 0.0140625 0.025
16 0.44921875 0.39166666666666666 0.01328125 0.025
