11 0.40208333333333335 0.40370370370370373 0.019791666666666666 0.041666666666666664
11 0.25833333333333336 0.3990740740740741 0.013020833333333334 0.025925925925925925
11 0.4822916666666667 0.3638888888888889 0.019791666666666666 0.03518518518518519
11 0.8302083333333333 0.21574074074074073 0.0296875 0.05092592592592592
11 0.40208333333333335 0.40370370370370373 0.019791666666666666 0.041666666666666664
11 0.25833333333333336 0.3990740740740741 0.013020833333333334 0.025925925925925925
11 0.4822916666666667 0.3638888888888889 0.019791666666666666 0.03518518518518519
11 0.8302083333333333 0.21574074074074073 0.0296875 0.05092592592592592
11 0.40208333333333335 0.40370370370370373 0.019791666666666666 0.041666666666666664
11 0.25833333333333336 0.3990740740740741 0.013020833333333334 0.025925925925925925
11 0.4822916666666667 0.3638888888888889 0.019791666666666666 0.03518518518518519
11 0.8302083333333333 0.21574074074074073 0.0296875 0.05092592592592592
