11 0.778125 0.39444444444444443 0.014583333333333334 0.023148148148148147
11 0.25416666666666665 0.32592592592592595 0.009895833333333333 0.03425925925925926
53 0.7765625 0.3398148148148148 0.013020833333333334 0.025
64 0.7776041666666667 0.3675925925925926 0.014583333333333334 0.027777777777777776
11 0.778125 0.39444444444444443 0.014583333333333334 0.023148148148148147
11 0.25416666666666665 0.32592592592592595 0.009895833333333333 0.03425925925925926
53 0.7765625 0.3398148148148148 0.013020833333333334 0.025
64 0.7776041666666667 0.3675925925925926 0.014583333333333334 0.027777777777777776
11 0.778125 0.39444444444444443 0.014583333333333334 0.023148148148148147
11 0.25416666666666665 0.32592592592592595 0.009895833333333333 0.03425925925925926
53 0.7765625 0.3398148148148148 0.013020833333333334 0.025
64 0.7776041666666667 0.3675925925925926 0.014583333333333334 0.027777777777777776
