11 0.58671875 0.45 0.01875 0.034722222222222224
11 0.24765625 0.4722222222222222 0.0171875 0.030555555555555555
11 0.67578125 0.40555555555555556 0.0125 0.058333333333333334
87 0.78203125 0.2902777777777778 0.05546875 0.10277777777777777
11 0.58671875 0.45 0.01875 0.034722222222222224
11 0.24765625 0.4722222222222222 0.0171875 0.030555555555555555
11 0.67578125 0.40555555555555556 0.0125 0.058333333333333334
87 0.78203125 0.2902777777777778 0.05546875 0.10277777777777777
11 0.58671875 0.45 0.01875 0.034722222222222224
11 0.24765625 0.4722222222222222 0.0171875 0.030555555555555555
11 0.67578125 0.40555555555555556 0.0125 0.058333333333333334
87 0.78203125 0.2902777777777778 0.05546875 0.10277777777777777
