11 0.878125 0.3472222222222222 0.019791666666666666 0.03148148148148148
11 0.7375 0.35185185185185186 0.013020833333333334 0.025925925925925925
11 0.9635416666666666 0.3101851851851852 0.019791666666666666 0.03518518518518519
70 0.6125 0.3472222222222222 0.023958333333333335 0.05462962962962963
11 0.878125 0.3472222222222222 0.019791666666666666 0.03148148148148148
11 0.7375 0.35185185185185186 0.013020833333333334 0.025925925925925925
11 0.9635416666666666 0.3101851851851852 0.019791666666666666 0.03518518518518519
70 0.6125 0.3472222222222222 0.023958333333333335 0.05462962962962963
11 0.878125 0.3472222222222222 0.019791666666666666 0.03148148148148148
11 0.7375 0.35185185185185186 0.013020833333333334 0.025925925925925925
11 0.9635416666666666 0.3101851851851852 0.019791666666666666 0.03518518518518519
70 0.6125 0.3472222222222222 0.023958333333333335 0.05462962962962963
