11 0.20416666666666666 0.43333333333333335 0.0109375 0.020370370370370372
11 0.6005208333333333 0.3611111111111111 0.011979166666666667 0.022222222222222223
11 0.5130208333333334 0.42592592592592593 0.009375 0.01574074074074074
64 0.6197916666666666 0.3861111111111111 0.018229166666666668 0.03425925925925926
11 0.20416666666666666 0.43333333333333335 0.0109375 0.020370370370370372
11 0.6005208333333333 0.3611111111111111 0.011979166666666667 0.022222222222222223
11 0.5130208333333334 0.42592592592592593 0.009375 0.01574074074074074
64 0.6197916666666666 0.3861111111111111 0.018229166666666668 0.03425925925925926
11 0.20416666666666666 0.43333333333333335 0.0109375 0.020370370370370372
11 0.6005208333333333 0.3611111111111111 0.011979166666666667 0.022222222222222223
11 0.5130208333333334 0.42592592592592593 0.009375 0.01574074074074074
64 0.6197916666666666 0.3861111111111111 0.018229166666666668 0.03425925925925926
