0 0.8770833333333333 0.41944444444444445 0.0203125 0.05648148148148148
0 0.209375 0.3814814814814815 0.019270833333333334 0.046296296296296294
11 0.6895833333333333 0.4703703703703704 0.015104166666666667 0.027777777777777776
11 0.3880208333333333 0.4398148148148148 0.015625 0.02962962962962963
35 0.36822916666666666 0.45092592592592595 0.0125 0.022222222222222223
0 0.8770833333333333 0.41944444444444445 0.0203125 0.05648148148148148
0 0.209375 0.3814814814814815 0.019270833333333334 0.046296296296296294
11 0.6895833333333333 0.4703703703703704 0.015104166666666667 0.027777777777777776
11 0.3880208333333333 0.4398148148148148 0.015625 0.02962962962962963
35 0.36822916666666666 0.45092592592592595 0.0125 0.022222222222222223
0 0.8770833333333333 0.41944444444444445 0.0203125 0.05648148148148148
0 0.209375 0.3814814814814815 0.019270833333333334 0.046296296296296294
11 0.6895833333333333 0.4703703703703704 0.015104166666666667 0.027777777777777776
11 0.3880208333333333 0.4398148148148148 0.015625 0.02962962962962963
35 0.36822916666666666 0.45092592592592595 0.0125 0.022222222222222223
