16 0.25703125 0.25555555555555554 0.0265625 0.04722222222222222
16 0.4171875 0.24583333333333332 0.0234375 0.043055555555555555
16 0.53828125 0.23472222222222222 0.02578125 0.05
16 0.65859375 0.21805555555555556 0.02734375 0.05138888888888889
16 0.77890625 0.18472222222222223 0.02421875 0.041666666666666664
16 0.25703125 0.25555555555555554 0.0265625 0.04722222222222222
16 0.4171875 0.24583333333333332 0.0234375 0.043055555555555555
16 0.53828125 0.23472222222222222 0.02578125 0.05
16 0.65859375 0.21805555555555556 0.02734375 0.05138888888888889
16 0.77890625 0.18472222222222223 0.02421875 0.041666666666666664
16 0.25703125 0.25555555555555554 0.0265625 0.04722222222222222
16 0.4171875 0.24583333333333332 0.0234375 0.043055555555555555
16 0.53828125 0.23472222222222222 0.02578125 0.05
16 0.65859375 0.21805555555555556 0.02734375 0.05138888888888889
16 0.77890625 0.18472222222222223 0.02421875 0.041666666666666664
