11 0.02890625 0.4305555555555556 0.0234375 0.04027777777777778
11 0.70859375 0.4861111111111111 0.01875 0.0375
11 0.5328125 0.48055555555555557 0.01328125 0.022222222222222223
11 0.3390625 0.48333333333333334 0.01328125 0.02638888888888889
11 0.02890625 0.4305555555555556 0.0234375 0.04027777777777778
11 0.70859375 0.4861111111111111 0.01875 0.0375
11 0.5328125 0.48055555555555557 0.01328125 0.022222222222222223
11 0.3390625 0.48333333333333334 0.01328125 0.02638888888888889
11 0.02890625 0.4305555555555556 0.0234375 0.04027777777777778
11 0.70859375 0.4861111111111111 0.01875 0.0375
11 0.5328125 0.48055555555555557 0.01328125 0.022222222222222223
11 0.3390625 0.48333333333333334 0.01328125 0.02638888888888889
