11 0.7510416666666667 0.33240740740740743 0.021354166666666667 0.03981481481481482
17 0.14791666666666667 0.27037037037037037 0.0390625 0.06666666666666667
11 0.359375 0.4083333333333333 0.016666666666666666 0.030555555555555555
11 0.24791666666666667 0.41574074074074074 0.0109375 0.03425925925925926
65 0.7786458333333334 0.29074074074074074 0.028125 0.046296296296296294
11 0.7510416666666667 0.33240740740740743 0.021354166666666667 0.03981481481481482
17 0.14791666666666667 0.27037037037037037 0.0390625 0.06666666666666667
11 0.359375 0.4083333333333333 0.016666666666666666 0.030555555555555555
11 0.24791666666666667 0.41574074074074074 0.0109375 0.03425925925925926
65 0.7786458333333334 0.29074074074074074 0.028125 0.046296296296296294
11 0.7510416666666667 0.33240740740740743 0.021354166666666667 0.03981481481481482
17 0.14791666666666667 0.27037037037037037 0.0390625 0.06666666666666667
11 0.359375 0.4083333333333333 0.016666666666666666 0.030555555555555555
11 0.24791666666666667 0.41574074074074074 0.0109375 0.03425925925925926
65 0.7786458333333334 0.29074074074074074 0.028125 0.046296296296296294
