11 0.4817708333333333 0.44537037037037036 0.015104166666666667 0.023148148148148147
11 0.3223958333333333 0.4648148148148148 0.0109375 0.016666666666666666
12 0.48125 0.5203703703703704 0.013020833333333334 0.024074074074074074
80 0.7098958333333333 0.11388888888888889 0.08333333333333333 0.15092592592592594
11 0.4817708333333333 0.44537037037037036 0.015104166666666667 0.023148148148148147
11 0.3223958333333333 0.4648148148148148 0.0109375 0.016666666666666666
12 0.48125 0.5203703703703704 0.013020833333333334 0.024074074074074074
80 0.7098958333333333 0.11388888888888889 0.08333333333333333 0.15092592592592594
11 0.4817708333333333 0.44537037037037036 0.015104166666666667 0.023148148148148147
11 0.3223958333333333 0.4648148148148148 0.0109375 0.016666666666666666
12 0.48125 0.5203703703703704 0.013020833333333334 0.024074074074074074
80 0.7098958333333333 0.11388888888888889 0.08333333333333333 0.15092592592592594
