11 0.49453125 0.2916666666666667 0.05 0.09583333333333334
38 0.48984375 0.18888888888888888 0.05859375 0.10277777777777777
38 0.21015625 0.5694444444444444 0.01640625 0.025
64 0.20859375 0.5375 0.01875 0.03333333333333333
11 0.49453125 0.2916666666666667 0.05 0.09583333333333334
38 0.48984375 0.18888888888888888 0.05859375 0.10277777777777777
38 0.21015625 0.5694444444444444 0.01640625 0.025
64 0.20859375 0.5375 0.01875 0.03333333333333333
11 0.49453125 0.2916666666666667 0.05 0.09583333333333334
38 0.48984375 0.18888888888888888 0.05859375 0.10277777777777777
38 0.21015625 0.5694444444444444 0.01640625 0.025
64 0.20859375 0.5375 0.01875 0.03333333333333333
