11 0.6526041666666667 0.3638888888888889 0.024479166666666666 0.040740740740740744
11 0.3796875 0.37037037037037035 0.019791666666666666 0.03333333333333333
11 0.4322916666666667 0.46111111111111114 0.011979166666666667 0.021296296296296296
11 0.5994791666666667 0.4740740740740741 0.0140625 0.025925925925925925
64 0.7458333333333333 0.3787037037037037 0.03333333333333333 0.05462962962962963
11 0.6526041666666667 0.3638888888888889 0.024479166666666666 0.040740740740740744
11 0.3796875 0.37037037037037035 0.019791666666666666 0.03333333333333333
11 0.4322916666666667 0.46111111111111114 0.011979166666666667 0.021296296296296296
11 0.5994791666666667 0.4740740740740741 0.0140625 0.025925925925925925
64 0.7458333333333333 0.3787037037037037 0.03333333333333333 0.05462962962962963
11 0.6526041666666667 0.3638888888888889 0.024479166666666666 0.040740740740740744
11 0.3796875 0.37037037037037035 0.019791666666666666 0.03333333333333333
11 0.4322916666666667 0.46111111111111114 0.011979166666666667 0.021296296296296296
11 0.5994791666666667 0.4740740740740741 0.0140625 0.025925925925925925
64 0.7458333333333333 0.3787037037037037 0.03333333333333333 0.05462962962962963
