11 0.7125 0.5 0.0328125 0.0625
11 0.27734375 0.5527777777777778 0.0171875 0.027777777777777776
59 0.25078125 0.5611111111111111 0.01640625 0.02638888888888889
81 0.840625 0.45555555555555555 0.0140625 0.04583333333333333
79 0.840625 0.5041666666666667 0.0125 0.05
81 0.25234375 0.5930555555555556 0.0140625 0.025
11 0.7125 0.5 0.0328125 0.0625
11 0.27734375 0.5527777777777778 0.0171875 0.027777777777777776
59 0.25078125 0.5611111111111111 0.01640625 0.02638888888888889
81 0.840625 0.45555555555555555 0.0140625 0.04583333333333333
79 0.840625 0.5041666666666667 0.0125 0.05
81 0.25234375 0.5930555555555556 0.0140625 0.025
11 0.7125 0.5 0.0328125 0.0625
11 0.27734375 0.5527777777777778 0.0171875 0.027777777777777776
59 0.25078125 0.5611111111111111 0.01640625 0.02638888888888889
81 0.840625 0.45555555555555555 0.0140625 0.04583333333333333
79 0.840625 0.5041666666666667 0.0125 0.05
81 0.25234375 0.5930555555555556 0.0140625 0.025
