11 0.328125 0.43425925925925923 0.0171875 0.032407407407407406
11 0.359375 0.4703703703703704 0.011979166666666667 0.022222222222222223
11 0.5692708333333333 0.4462962962962963 0.019270833333333334 0.028703703703703703
11 0.5447916666666667 0.46944444444444444 0.011979166666666667 0.023148148148148147
64 0.5682291666666667 0.412962962962963 0.021875 0.03796296296296296
11 0.328125 0.43425925925925923 0.0171875 0.032407407407407406
11 0.359375 0.4703703703703704 0.011979166666666667 0.022222222222222223
11 0.5692708333333333 0.4462962962962963 0.019270833333333334 0.028703703703703703
11 0.5447916666666667 0.46944444444444444 0.011979166666666667 0.023148148148148147
64 0.5682291666666667 0.412962962962963 0.021875 0.03796296296296296
11 0.328125 0.43425925925925923 0.0171875 0.032407407407407406
11 0.359375 0.4703703703703704 0.011979166666666667 0.022222222222222223
11 0.5692708333333333 0.4462962962962963 0.019270833333333334 0.028703703703703703
11 0.5447916666666667 0.46944444444444444 0.011979166666666667 0.023148148148148147
64 0.5682291666666667 0.412962962962963 0.021875 0.03796296296296296
