0 0.521875 0.5847222222222223 0.01328125 0.02638888888888889
12 0.56875 0.47638888888888886 0.0265625 0.04722222222222222
11 0.5171875 0.5708333333333333 0.015625 0.02638888888888889
37 0.640625 0.45555555555555555 0.0609375 0.09583333333333334
38 0.63984375 0.3638888888888889 0.06015625 0.09166666666666666
80 0.69609375 0.3138888888888889 0.0765625 0.13194444444444445
0 0.521875 0.5847222222222223 0.01328125 0.02638888888888889
12 0.56875 0.47638888888888886 0.0265625 0.04722222222222222
11 0.5171875 0.5708333333333333 0.015625 0.02638888888888889
37 0.640625 0.45555555555555555 0.0609375 0.09583333333333334
38 0.63984375 0.3638888888888889 0.06015625 0.09166666666666666
80 0.69609375 0.3138888888888889 0.0765625 0.13194444444444445
0 0.521875 0.5847222222222223 0.01328125 0.02638888888888889
12 0.56875 0.47638888888888886 0.0265625 0.04722222222222222
11 0.5171875 0.5708333333333333 0.015625 0.02638888888888889
37 0.640625 0.45555555555555555 0.0609375 0.09583333333333334
38 0.63984375 0.3638888888888889 0.06015625 0.09166666666666666
80 0.69609375 0.3138888888888889 0.0765625 0.13194444444444445
