20 0.5432291666666667 0.2935185185185185 0.0265625 0.046296296296296294
11 0.5453125 0.3435185185185185 0.029166666666666667 0.05277777777777778
11 0.2578125 0.4842592592592593 0.023958333333333335 0.037037037037037035
29 0.05625 0.38425925925925924 0.027083333333333334 0.06574074074074074
72 0.36822916666666666 0.575925925925926 0.021354166666666667 0.037037037037037035
20 0.5432291666666667 0.2935185185185185 0.0265625 0.046296296296296294
11 0.5453125 0.3435185185185185 0.029166666666666667 0.05277777777777778
11 0.2578125 0.4842592592592593 0.023958333333333335 0.037037037037037035
29 0.05625 0.38425925925925924 0.027083333333333334 0.06574074074074074
72 0.36822916666666666 0.575925925925926 0.021354166666666667 0.037037037037037035
20 0.5432291666666667 0.2935185185185185 0.0265625 0.046296296296296294
11 0.5453125 0.3435185185185185 0.029166666666666667 0.05277777777777778
11 0.2578125 0.4842592592592593 0.023958333333333335 0.037037037037037035
29 0.05625 0.38425925925925924 0.027083333333333334 0.06574074074074074
72 0.36822916666666666 0.575925925925926 0.021354166666666667 0.037037037037037035
