0 0.5026041666666666 0.4685185185185185 0.008333333333333333 0.023148148148148147
11 0.6119791666666666 0.22685185185185186 0.0328125 0.053703703703703705
11 0.10416666666666667 0.45555555555555555 0.015625 0.026851851851851852
11 0.06197916666666667 0.4361111111111111 0.008333333333333333 0.026851851851851852
0 0.5026041666666666 0.4685185185185185 0.008333333333333333 0.023148148148148147
11 0.6119791666666666 0.22685185185185186 0.0328125 0.053703703703703705
11 0.10416666666666667 0.45555555555555555 0.015625 0.026851851851851852
11 0.06197916666666667 0.4361111111111111 0.008333333333333333 0.026851851851851852
0 0.5026041666666666 0.4685185185185185 0.008333333333333333 0.023148148148148147
11 0.6119791666666666 0.22685185185185186 0.0328125 0.053703703703703705
11 0.10416666666666667 0.45555555555555555 0.015625 0.026851851851851852
11 0.06197916666666667 0.4361111111111111 0.008333333333333333 0.026851851851851852
