11 0.6255208333333333 0.7055555555555556 0.0140625 0.024074074074074074
11 0.3734375 0.7564814814814815 0.011458333333333333 0.018518518518518517
11 0.2671875 0.7722222222222223 0.013541666666666667 0.025925925925925925
64 0.6255208333333333 0.6805555555555556 0.018229166666666668 0.02962962962962963
11 0.6255208333333333 0.7055555555555556 0.0140625 0.024074074074074074
11 0.3734375 0.7564814814814815 0.011458333333333333 0.018518518518518517
11 0.2671875 0.7722222222222223 0.013541666666666667 0.025925925925925925
64 0.6255208333333333 0.6805555555555556 0.018229166666666668 0.02962962962962963
11 0.6255208333333333 0.7055555555555556 0.0140625 0.024074074074074074
11 0.3734375 0.7564814814814815 0.011458333333333333 0.018518518518518517
11 0.2671875 0.7722222222222223 0.013541666666666667 0.025925925925925925
64 0.6255208333333333 0.6805555555555556 0.018229166666666668 0.02962962962962963
