29 0.6255208333333333 0.3287037037037037 0.044270833333333336 0.05092592592592592
21 0.8609375 0.40370370370370373 0.0390625 0.025925925925925925
20 0.6791666666666667 0.5537037037037037 0.008854166666666666 0.018518518518518517
11 0.8265625 0.5944444444444444 0.018229166666666668 0.04259259259259259
64 0.8619791666666666 0.44907407407407407 0.034895833333333334 0.06111111111111111
64 0.6635416666666667 0.549074074074074 0.013020833333333334 0.027777777777777776
29 0.6255208333333333 0.3287037037037037 0.044270833333333336 0.05092592592592592
21 0.8609375 0.40370370370370373 0.0390625 0.025925925925925925
20 0.6791666666666667 0.5537037037037037 0.008854166666666666 0.018518518518518517
11 0.8265625 0.5944444444444444 0.018229166666666668 0.04259259259259259
64 0.8619791666666666 0.44907407407407407 0.034895833333333334 0.06111111111111111
64 0.6635416666666667 0.549074074074074 0.013020833333333334 0.027777777777777776
29 0.6255208333333333 0.3287037037037037 0.044270833333333336 0.05092592592592592
21 0.8609375 0.40370370370370373 0.0390625 0.025925925925925925
20 0.6791666666666667 0.5537037037037037 0.008854166666666666 0.018518518518518517
11 0.8265625 0.5944444444444444 0.018229166666666668 0.04259259259259259
64 0.8619791666666666 0.44907407407407407 0.034895833333333334 0.06111111111111111
64 0.6635416666666667 0.549074074074074 0.013020833333333334 0.027777777777777776
