16 0.60703125 0.44166666666666665 0.015625 0.027777777777777776
16 0.546875 0.46111111111111114 0.015625 0.029166666666666667
16 0.4265625 0.48333333333333334 0.01484375 0.025
64 0.640625 0.5569444444444445 0.01484375 0.02638888888888889
16 0.60703125 0.44166666666666665 0.015625 0.027777777777777776
16 0.546875 0.46111111111111114 0.015625 0.029166666666666667
16 0.4265625 0.48333333333333334 0.01484375 0.025
64 0.640625 0.5569444444444445 0.01484375 0.02638888888888889
16 0.60703125 0.44166666666666665 0.015625 0.027777777777777776
16 0.546875 0.46111111111111114 0.015625 0.029166666666666667
16 0.4265625 0.48333333333333334 0.01484375 0.025
64 0.640625 0.5569444444444445 0.01484375 0.02638888888888889
