11 0.84609375 0.1638888888888889 0.07421875 0.14583333333333334
11 0.565625 0.5069444444444444 0.01875 0.03333333333333333
11 0.23515625 0.49027777777777776 0.01484375 0.025
11 0.1296875 0.48055555555555557 0.0125 0.03194444444444444
11 0.84609375 0.1638888888888889 0.07421875 0.14583333333333334
11 0.565625 0.5069444444444444 0.01875 0.03333333333333333
11 0.23515625 0.49027777777777776 0.01484375 0.025
11 0.1296875 0.48055555555555557 0.0125 0.03194444444444444
11 0.84609375 0.1638888888888889 0.07421875 0.14583333333333334
11 0.565625 0.5069444444444444 0.01875 0.03333333333333333
11 0.23515625 0.49027777777777776 0.01484375 0.025
11 0.1296875 0.48055555555555557 0.0125 0.03194444444444444
