29 0.5354166666666667 0.4824074074074074 0.022395833333333334 0.024074074074074074
21 0.6578125 0.5231481481481481 0.0234375 0.01574074074074074
20 0.6057291666666667 0.5981481481481481 0.008854166666666666 0.018518518518518517
64 0.6572916666666667 0.5462962962962963 0.01875 0.032407407407407406
64 0.5963541666666666 0.5962962962962963 0.011458333333333333 0.024074074074074074
78 0.7192708333333333 0.5925925925925926 0.008854166666666666 0.017592592592592594
29 0.5354166666666667 0.4824074074074074 0.022395833333333334 0.024074074074074074
21 0.6578125 0.5231481481481481 0.0234375 0.01574074074074074
20 0.6057291666666667 0.5981481481481481 0.008854166666666666 0.018518518518518517
64 0.6572916666666667 0.5462962962962963 0.01875 0.032407407407407406
64 0.5963541666666666 0.5962962962962963 0.011458333333333333 0.024074074074074074
78 0.7192708333333333 0.5925925925925926 0.008854166666666666 0.017592592592592594
29 0.5354166666666667 0.4824074074074074 0.022395833333333334 0.024074074074074074
21 0.6578125 0.5231481481481481 0.0234375 0.01574074074074074
20 0.6057291666666667 0.5981481481481481 0.008854166666666666 0.018518518518518517
64 0.6572916666666667 0.5462962962962963 0.01875 0.032407407407407406
64 0.5963541666666666 0.5962962962962963 0.011458333333333333 0.024074074074074074
78 0.7192708333333333 0.5925925925925926 0.008854166666666666 0.017592592592592594
