21 0.18854166666666666 0.21388888888888888 0.050520833333333334 0.02962962962962963
11 0.7708333333333334 0.37777777777777777 0.009895833333333333 0.05648148148148148
11 0.78125 0.4148148148148148 0.010416666666666666 0.03518518518518519
87 0.184375 0.26296296296296295 0.03333333333333333 0.06388888888888888
21 0.18854166666666666 0.21388888888888888 0.050520833333333334 0.02962962962962963
11 0.7708333333333334 0.37777777777777777 0.009895833333333333 0.05648148148148148
11 0.78125 0.4148148148148148 0.010416666666666666 0.03518518518518519
87 0.184375 0.26296296296296295 0.03333333333333333 0.06388888888888888
21 0.18854166666666666 0.21388888888888888 0.050520833333333334 0.02962962962962963
11 0.7708333333333334 0.37777777777777777 0.009895833333333333 0.05648148148148148
11 0.78125 0.4148148148148148 0.010416666666666666 0.03518518518518519
87 0.184375 0.26296296296296295 0.03333333333333333 0.06388888888888888
