11 0.603125 0.3611111111111111 0.02578125 0.058333333333333334
11 0.13515625 0.4444444444444444 0.021875 0.04027777777777778
11 0.540625 0.48333333333333334 0.01328125 0.025
11 0.29375 0.4777777777777778 0.0125 0.02361111111111111
11 0.603125 0.3611111111111111 0.02578125 0.058333333333333334
11 0.13515625 0.4444444444444444 0.021875 0.04027777777777778
11 0.540625 0.48333333333333334 0.01328125 0.025
11 0.29375 0.4777777777777778 0.0125 0.02361111111111111
11 0.603125 0.3611111111111111 0.02578125 0.058333333333333334
11 0.13515625 0.4444444444444444 0.021875 0.04027777777777778
11 0.540625 0.48333333333333334 0.01328125 0.025
11 0.29375 0.4777777777777778 0.0125 0.02361111111111111
