22 0.92421875 0.07083333333333333 0.11328125 0.14166666666666666
16 0.3953125 0.3486111111111111 0.01875 0.03194444444444444
16 0.46796875 0.3486111111111111 0.015625 0.030555555555555555
16 0.525 0.3375 0.01875 0.034722222222222224
22 0.92421875 0.07083333333333333 0.11328125 0.14166666666666666
16 0.3953125 0.3486111111111111 0.01875 0.03194444444444444
16 0.46796875 0.3486111111111111 0.015625 0.030555555555555555
16 0.525 0.3375 0.01875 0.034722222222222224
22 0.92421875 0.07083333333333333 0.11328125 0.14166666666666666
16 0.3953125 0.3486111111111111 0.01875 0.03194444444444444
16 0.46796875 0.3486111111111111 0.015625 0.030555555555555555
16 0.525 0.3375 0.01875 0.034722222222222224
