0 0.5265625 0.7981481481481482 0.0125 0.027777777777777776
11 0.6666666666666666 0.625 0.028645833333333332 0.046296296296296294
11 0.19270833333333334 0.7546296296296297 0.0125 0.023148148148148147
11 0.5536458333333333 0.7851851851851852 0.016145833333333335 0.030555555555555555
64 0.665625 0.5712962962962963 0.0375 0.05925925925925926
81 0.528125 0.8240740740740741 0.013541666666666667 0.022222222222222223
0 0.5265625 0.7981481481481482 0.0125 0.027777777777777776
11 0.6666666666666666 0.625 0.028645833333333332 0.046296296296296294
11 0.19270833333333334 0.7546296296296297 0.0125 0.023148148148148147
11 0.5536458333333333 0.7851851851851852 0.016145833333333335 0.030555555555555555
64 0.665625 0.5712962962962963 0.0375 0.05925925925925926
81 0.528125 0.8240740740740741 0.013541666666666667 0.022222222222222223
0 0.5265625 0.7981481481481482 0.0125 0.027777777777777776
11 0.6666666666666666 0.625 0.028645833333333332 0.046296296296296294
11 0.19270833333333334 0.7546296296296297 0.0125 0.023148148148148147
11 0.5536458333333333 0.7851851851851852 0.016145833333333335 0.030555555555555555
64 0.665625 0.5712962962962963 0.0375 0.05925925925925926
81 0.528125 0.8240740740740741 0.013541666666666667 0.022222222222222223
