11 0.528125 0.34074074074074073 0.013541666666666667 0.021296296296296296
11 0.27291666666666664 0.38055555555555554 0.013020833333333334 0.022222222222222223
11 0.35625 0.4009259259259259 0.011979166666666667 0.020370370370370372
64 0.796875 0.03518518518518519 0.09791666666666667 0.07037037037037037
11 0.528125 0.34074074074074073 0.013541666666666667 0.021296296296296296
11 0.27291666666666664 0.38055555555555554 0.013020833333333334 0.022222222222222223
11 0.35625 0.4009259259259259 0.011979166666666667 0.020370370370370372
64 0.796875 0.03518518518518519 0.09791666666666667 0.07037037037037037
11 0.528125 0.34074074074074073 0.013541666666666667 0.021296296296296296
11 0.27291666666666664 0.38055555555555554 0.013020833333333334 0.022222222222222223
11 0.35625 0.4009259259259259 0.011979166666666667 0.020370370370370372
64 0.796875 0.03518518518518519 0.09791666666666667 0.07037037037037037
