11 0.75234375 0.40694444444444444 0.05703125 0.10277777777777777
11 0.67109375 0.5180555555555556 0.0171875 0.03194444444444444
38 0.875 0.42916666666666664 0.08515625 0.11527777777777778
87 0.71640625 0.32083333333333336 0.07421875 0.12638888888888888
11 0.75234375 0.40694444444444444 0.05703125 0.10277777777777777
11 0.67109375 0.5180555555555556 0.0171875 0.03194444444444444
38 0.875 0.42916666666666664 0.08515625 0.11527777777777778
87 0.71640625 0.32083333333333336 0.07421875 0.12638888888888888
11 0.75234375 0.40694444444444444 0.05703125 0.10277777777777777
11 0.67109375 0.5180555555555556 0.0171875 0.03194444444444444
38 0.875 0.42916666666666664 0.08515625 0.11527777777777778
87 0.71640625 0.32083333333333336 0.07421875 0.12638888888888888
