11 0.48984375 0.46111111111111114 0.015625 0.030555555555555555
64 0.59765625 0.4486111111111111 0.03828125 0.07083333333333333
68 0.5015625 0.4375 0.01953125 0.03333333333333333
79 0.47734375 0.43194444444444446 0.01796875 0.03333333333333333
11 0.48984375 0.46111111111111114 0.015625 0.030555555555555555
64 0.59765625 0.4486111111111111 0.03828125 0.07083333333333333
68 0.5015625 0.4375 0.01953125 0.03333333333333333
79 0.47734375 0.43194444444444446 0.01796875 0.03333333333333333
11 0.48984375 0.46111111111111114 0.015625 0.030555555555555555
64 0.59765625 0.4486111111111111 0.03828125 0.07083333333333333
68 0.5015625 0.4375 0.01953125 0.03333333333333333
79 0.47734375 0.43194444444444446 0.01796875 0.03333333333333333
