11 0.5828125 0.5388888888888889 0.0234375 0.041666666666666664
11 0.25 0.5513888888888889 0.0203125 0.03333333333333333
38 0.61171875 0.5541666666666667 0.025 0.041666666666666664
87 0.55234375 0.5208333333333334 0.025 0.044444444444444446
11 0.5828125 0.5388888888888889 0.0234375 0.041666666666666664
11 0.25 0.5513888888888889 0.0203125 0.03333333333333333
38 0.61171875 0.5541666666666667 0.025 0.041666666666666664
87 0.55234375 0.5208333333333334 0.025 0.044444444444444446
11 0.5828125 0.5388888888888889 0.0234375 0.041666666666666664
11 0.25 0.5513888888888889 0.0203125 0.03333333333333333
38 0.61171875 0.5541666666666667 0.025 0.041666666666666664
87 0.55234375 0.5208333333333334 0.025 0.044444444444444446
