11 0.55390625 0.4930555555555556 0.01484375 0.027777777777777776
11 0.1546875 0.4527777777777778 0.02265625 0.03888888888888889
11 0.31484375 0.5027777777777778 0.015625 0.025
87 0.5953125 0.4486111111111111 0.025 0.041666666666666664
11 0.55390625 0.4930555555555556 0.01484375 0.027777777777777776
11 0.1546875 0.4527777777777778 0.02265625 0.03888888888888889
11 0.31484375 0.5027777777777778 0.015625 0.025
87 0.5953125 0.4486111111111111 0.025 0.041666666666666664
11 0.55390625 0.4930555555555556 0.01484375 0.027777777777777776
11 0.1546875 0.4527777777777778 0.02265625 0.03888888888888889
11 0.31484375 0.5027777777777778 0.015625 0.025
87 0.5953125 0.4486111111111111 0.025 0.041666666666666664
