11 0.54609375 0.5180555555555556 0.0125 0.022222222222222223
11 0.30078125 0.5180555555555556 0.0125 0.02361111111111111
44 0.76875 0.4041666666666667 0.0328125 0.05555555555555555
64 0.5921875 0.5027777777777778 0.0171875 0.030555555555555555
11 0.54609375 0.5180555555555556 0.0125 0.022222222222222223
11 0.30078125 0.5180555555555556 0.0125 0.02361111111111111
44 0.76875 0.4041666666666667 0.0328125 0.05555555555555555
64 0.5921875 0.5027777777777778 0.0171875 0.030555555555555555
11 0.54609375 0.5180555555555556 0.0125 0.022222222222222223
11 0.30078125 0.5180555555555556 0.0125 0.02361111111111111
44 0.76875 0.4041666666666667 0.0328125 0.05555555555555555
64 0.5921875 0.5027777777777778 0.0171875 0.030555555555555555
