11 0.8994791666666667 0.4888888888888889 0.021875 0.04259259259259259
11 0.6604166666666667 0.524074074074074 0.009375 0.023148148148148147
64 0.5119791666666667 0.5324074074074074 0.009375 0.016666666666666666
105 0.9614583333333333 0.32592592592592595 0.026041666666666668 0.05185185185185185
11 0.8994791666666667 0.4888888888888889 0.021875 0.04259259259259259
11 0.6604166666666667 0.524074074074074 0.009375 0.023148148148148147
64 0.5119791666666667 0.5324074074074074 0.009375 0.016666666666666666
105 0.9614583333333333 0.32592592592592595 0.026041666666666668 0.05185185185185185
11 0.8994791666666667 0.4888888888888889 0.021875 0.04259259259259259
11 0.6604166666666667 0.524074074074074 0.009375 0.023148148148148147
64 0.5119791666666667 0.5324074074074074 0.009375 0.016666666666666666
105 0.9614583333333333 0.32592592592592595 0.026041666666666668 0.05185185185185185
