11 0.46041666666666664 0.475 0.0125 0.018518518518518517
11 0.2078125 0.5009259259259259 0.011458333333333333 0.020370370370370372
11 0.453125 0.525 0.008854166666666666 0.014814814814814815
64 0.46041666666666664 0.45 0.014583333333333334 0.025925925925925925
99 0.453125 0.5407407407407407 0.009375 0.014814814814814815
11 0.46041666666666664 0.475 0.0125 0.018518518518518517
11 0.2078125 0.5009259259259259 0.011458333333333333 0.020370370370370372
11 0.453125 0.525 0.008854166666666666 0.014814814814814815
64 0.46041666666666664 0.45 0.014583333333333334 0.025925925925925925
99 0.453125 0.5407407407407407 0.009375 0.014814814814814815
11 0.46041666666666664 0.475 0.0125 0.018518518518518517
11 0.2078125 0.5009259259259259 0.011458333333333333 0.020370370370370372
11 0.453125 0.525 0.008854166666666666 0.014814814814814815
64 0.46041666666666664 0.45 0.014583333333333334 0.025925925925925925
99 0.453125 0.5407407407407407 0.009375 0.014814814814814815
