0 0.13203125 0.4625 0.0140625 0.03333333333333333
11 0.621875 0.5402777777777777 0.01484375 0.027777777777777776
11 0.20078125 0.5166666666666667 0.015625 0.030555555555555555
98 0.7 0.5027777777777778 0.02109375 0.04027777777777778
0 0.13203125 0.4625 0.0140625 0.03333333333333333
11 0.621875 0.5402777777777777 0.01484375 0.027777777777777776
11 0.20078125 0.5166666666666667 0.015625 0.030555555555555555
98 0.7 0.5027777777777778 0.02109375 0.04027777777777778
0 0.13203125 0.4625 0.0140625 0.03333333333333333
11 0.621875 0.5402777777777777 0.01484375 0.027777777777777776
11 0.20078125 0.5166666666666667 0.015625 0.030555555555555555
98 0.7 0.5027777777777778 0.02109375 0.04027777777777778
