11 0.48125 0.5046296296296297 0.013020833333333334 0.022222222222222223
12 0.48125 0.48148148148148145 0.014583333333333334 0.018518518518518517
11 0.34427083333333336 0.5055555555555555 0.011458333333333333 0.020370370370370372
64 0.5869791666666667 0.34444444444444444 0.059375 0.10092592592592593
11 0.48125 0.5046296296296297 0.013020833333333334 0.022222222222222223
12 0.48125 0.48148148148148145 0.014583333333333334 0.018518518518518517
11 0.34427083333333336 0.5055555555555555 0.011458333333333333 0.020370370370370372
64 0.5869791666666667 0.34444444444444444 0.059375 0.10092592592592593
11 0.48125 0.5046296296296297 0.013020833333333334 0.022222222222222223
12 0.48125 0.48148148148148145 0.014583333333333334 0.018518518518518517
11 0.34427083333333336 0.5055555555555555 0.011458333333333333 0.020370370370370372
64 0.5869791666666667 0.34444444444444444 0.059375 0.10092592592592593
