0 0.6401041666666667 0.36203703703703705 0.016145833333333335 0.046296296296296294
11 0.6380208333333334 0.3138888888888889 0.022916666666666665 0.03888888888888889
11 0.2921875 0.3990740740740741 0.021354166666666667 0.037037037037037035
64 0.54375 0.4046296296296296 0.011979166666666667 0.021296296296296296
0 0.6401041666666667 0.36203703703703705 0.016145833333333335 0.046296296296296294
11 0.6380208333333334 0.3138888888888889 0.022916666666666665 0.03888888888888889
11 0.2921875 0.3990740740740741 0.021354166666666667 0.037037037037037035
64 0.54375 0.4046296296296296 0.011979166666666667 0.021296296296296296
0 0.6401041666666667 0.36203703703703705 0.016145833333333335 0.046296296296296294
11 0.6380208333333334 0.3138888888888889 0.022916666666666665 0.03888888888888889
11 0.2921875 0.3990740740740741 0.021354166666666667 0.037037037037037035
64 0.54375 0.4046296296296296 0.011979166666666667 0.021296296296296296
