11 0.94296875 0.09444444444444444 0.11171875 0.18888888888888888
11 0.29609375 0.5638888888888889 0.01328125 0.027777777777777776
37 0.54375 0.5347222222222222 0.015625 0.02638888888888889
102 0.54453125 0.5625 0.01328125 0.022222222222222223
11 0.94296875 0.09444444444444444 0.11171875 0.18888888888888888
11 0.29609375 0.5638888888888889 0.01328125 0.027777777777777776
37 0.54375 0.5347222222222222 0.015625 0.02638888888888889
102 0.54453125 0.5625 0.01328125 0.022222222222222223
11 0.94296875 0.09444444444444444 0.11171875 0.18888888888888888
11 0.29609375 0.5638888888888889 0.01328125 0.027777777777777776
37 0.54375 0.5347222222222222 0.015625 0.02638888888888889
102 0.54453125 0.5625 0.01328125 0.022222222222222223
