11 0.6671875 0.2657407407407407 0.0484375 0.08055555555555556
11 0.20677083333333332 0.35462962962962963 0.033854166666666664 0.06481481481481481
11 0.5703125 0.4101851851851852 0.016145833333333335 0.02962962962962963
11 0.35208333333333336 0.40925925925925927 0.011979166666666667 0.020370370370370372
11 0.85625 0.29444444444444445 0.01875 0.053703703703703705
64 0.6723958333333333 0.1111111111111111 0.06041666666666667 0.10555555555555556
99 0.8598958333333333 0.34074074074074073 0.0125 0.040740740740740744
11 0.6671875 0.2657407407407407 0.0484375 0.08055555555555556
11 0.20677083333333332 0.35462962962962963 0.033854166666666664 0.06481481481481481
11 0.5703125 0.4101851851851852 0.016145833333333335 0.02962962962962963
11 0.35208333333333336 0.40925925925925927 0.011979166666666667 0.020370370370370372
11 0.85625 0.29444444444444445 0.01875 0.053703703703703705
64 0.6723958333333333 0.1111111111111111 0.06041666666666667 0.10555555555555556
99 0.8598958333333333 0.34074074074074073 0.0125 0.040740740740740744
11 0.6671875 0.2657407407407407 0.0484375 0.08055555555555556
11 0.20677083333333332 0.35462962962962963 0.033854166666666664 0.06481481481481481
11 0.5703125 0.4101851851851852 0.016145833333333335 0.02962962962962963
11 0.35208333333333336 0.40925925925925927 0.011979166666666667 0.020370370370370372
11 0.85625 0.29444444444444445 0.01875 0.053703703703703705
64 0.6723958333333333 0.1111111111111111 0.06041666666666667 0.10555555555555556
99 0.8598958333333333 0.34074074074074073 0.0125 0.040740740740740744
