11 0.75078125 0.3888888888888889 0.08046875 0.1375
11 0.45703125 0.5763888888888888 0.0171875 0.027777777777777776
38 0.4578125 0.5333333333333333 0.0171875 0.027777777777777776
99 0.484375 0.5430555555555555 0.01328125 0.02361111111111111
11 0.75078125 0.3888888888888889 0.08046875 0.1375
11 0.45703125 0.5763888888888888 0.0171875 0.027777777777777776
38 0.4578125 0.5333333333333333 0.0171875 0.027777777777777776
99 0.484375 0.5430555555555555 0.01328125 0.02361111111111111
11 0.75078125 0.3888888888888889 0.08046875 0.1375
11 0.45703125 0.5763888888888888 0.0171875 0.027777777777777776
38 0.4578125 0.5333333333333333 0.0171875 0.027777777777777776
99 0.484375 0.5430555555555555 0.01328125 0.02361111111111111
