64 0.63125 0.3541666666666667 0.0265625 0.04861111111111111
65 0.80625 0.3625 0.01875 0.03194444444444444
66 0.63203125 0.3972222222222222 0.0203125 0.041666666666666664
66 0.8046875 0.42083333333333334 0.01484375 0.03194444444444444
64 0.63125 0.3541666666666667 0.0265625 0.04861111111111111
65 0.80625 0.3625 0.01875 0.03194444444444444
66 0.63203125 0.3972222222222222 0.0203125 0.041666666666666664
66 0.8046875 0.42083333333333334 0.01484375 0.03194444444444444
64 0.63125 0.3541666666666667 0.0265625 0.04861111111111111
65 0.80625 0.3625 0.01875 0.03194444444444444
66 0.63203125 0.3972222222222222 0.0203125 0.041666666666666664
66 0.8046875 0.42083333333333334 0.01484375 0.03194444444444444
