11 0.61328125 0.4666666666666667 0.040625 0.06527777777777778
11 0.23671875 0.5347222222222222 0.021875 0.041666666666666664
37 0.85546875 0.10694444444444444 0.121875 0.17777777777777778
38 0.60703125 0.30277777777777776 0.0421875 0.07222222222222222
102 0.86328125 0.2986111111111111 0.1109375 0.18611111111111112
81 0.609375 0.4013888888888889 0.0375 0.0625
11 0.61328125 0.4666666666666667 0.040625 0.06527777777777778
11 0.23671875 0.5347222222222222 0.021875 0.041666666666666664
37 0.85546875 0.10694444444444444 0.121875 0.17777777777777778
38 0.60703125 0.30277777777777776 0.0421875 0.07222222222222222
102 0.86328125 0.2986111111111111 0.1109375 0.18611111111111112
81 0.609375 0.4013888888888889 0.0375 0.0625
11 0.61328125 0.4666666666666667 0.040625 0.06527777777777778
11 0.23671875 0.5347222222222222 0.021875 0.041666666666666664
37 0.85546875 0.10694444444444444 0.121875 0.17777777777777778
38 0.60703125 0.30277777777777776 0.0421875 0.07222222222222222
102 0.86328125 0.2986111111111111 0.1109375 0.18611111111111112
81 0.609375 0.4013888888888889 0.0375 0.0625
