11 0.503125 0.5722222222222222 0.0140625 0.02638888888888889
11 0.3109375 0.5625 0.015625 0.027777777777777776
54 0.5421875 0.5347222222222222 0.01953125 0.034722222222222224
61 0.56328125 0.5347222222222222 0.02109375 0.03611111111111111
11 0.503125 0.5722222222222222 0.0140625 0.02638888888888889
11 0.3109375 0.5625 0.015625 0.027777777777777776
54 0.5421875 0.5347222222222222 0.01953125 0.034722222222222224
61 0.56328125 0.5347222222222222 0.02109375 0.03611111111111111
11 0.503125 0.5722222222222222 0.0140625 0.02638888888888889
11 0.3109375 0.5625 0.015625 0.027777777777777776
54 0.5421875 0.5347222222222222 0.01953125 0.034722222222222224
61 0.56328125 0.5347222222222222 0.02109375 0.03611111111111111
