11 0.61796875 0.2361111111111111 0.03828125 0.07083333333333333
11 0.28984375 0.46944444444444444 0.01796875 0.029166666666666667
64 0.71484375 0.3333333333333333 0.0578125 0.10277777777777777
68 0.6203125 0.16111111111111112 0.0375 0.06666666666666667
11 0.61796875 0.2361111111111111 0.03828125 0.07083333333333333
11 0.28984375 0.46944444444444444 0.01796875 0.029166666666666667
64 0.71484375 0.3333333333333333 0.0578125 0.10277777777777777
68 0.6203125 0.16111111111111112 0.0375 0.06666666666666667
11 0.61796875 0.2361111111111111 0.03828125 0.07083333333333333
11 0.28984375 0.46944444444444444 0.01796875 0.029166666666666667
64 0.71484375 0.3333333333333333 0.0578125 0.10277777777777777
68 0.6203125 0.16111111111111112 0.0375 0.06666666666666667
