0 0.5385416666666667 0.5435185185185185 0.008333333333333333 0.024074074074074074
11 0.5697916666666667 0.4935185185185185 0.015625 0.027777777777777776
11 0.29375 0.5037037037037037 0.013020833333333334 0.027777777777777776
20 0.075 0.4111111111111111 0.011458333333333333 0.03796296296296296
11 0.071875 0.45 0.015625 0.037037037037037035
0 0.5385416666666667 0.5435185185185185 0.008333333333333333 0.024074074074074074
11 0.5697916666666667 0.4935185185185185 0.015625 0.027777777777777776
11 0.29375 0.5037037037037037 0.013020833333333334 0.027777777777777776
20 0.075 0.4111111111111111 0.011458333333333333 0.03796296296296296
11 0.071875 0.45 0.015625 0.037037037037037035
0 0.5385416666666667 0.5435185185185185 0.008333333333333333 0.024074074074074074
11 0.5697916666666667 0.4935185185185185 0.015625 0.027777777777777776
11 0.29375 0.5037037037037037 0.013020833333333334 0.027777777777777776
20 0.075 0.4111111111111111 0.011458333333333333 0.03796296296296296
11 0.071875 0.45 0.015625 0.037037037037037035
