11 0.578125 0.5430555555555555 0.0171875 0.03194444444444444
11 0.14921875 0.5472222222222223 0.0171875 0.029166666666666667
66 0.578125 0.5166666666666667 0.01328125 0.022222222222222223
66 0.14921875 0.5208333333333334 0.01328125 0.022222222222222223
11 0.578125 0.5430555555555555 0.0171875 0.03194444444444444
11 0.14921875 0.5472222222222223 0.0171875 0.029166666666666667
66 0.578125 0.5166666666666667 0.01328125 0.022222222222222223
66 0.14921875 0.5208333333333334 0.01328125 0.022222222222222223
11 0.578125 0.5430555555555555 0.0171875 0.03194444444444444
11 0.14921875 0.5472222222222223 0.0171875 0.029166666666666667
66 0.578125 0.5166666666666667 0.01328125 0.022222222222222223
66 0.14921875 0.5208333333333334 0.01328125 0.022222222222222223
