11 0.03046875 0.39861111111111114 0.028125 0.05277777777777778
11 0.64765625 0.4361111111111111 0.0328125 0.058333333333333334
11 0.71875 0.3625 0.0140625 0.06111111111111111
64 0.65234375 0.37222222222222223 0.03203125 0.06111111111111111
11 0.03046875 0.39861111111111114 0.028125 0.05277777777777778
11 0.64765625 0.4361111111111111 0.0328125 0.058333333333333334
11 0.71875 0.3625 0.0140625 0.06111111111111111
64 0.65234375 0.37222222222222223 0.03203125 0.06111111111111111
11 0.03046875 0.39861111111111114 0.028125 0.05277777777777778
11 0.64765625 0.4361111111111111 0.0328125 0.058333333333333334
11 0.71875 0.3625 0.0140625 0.06111111111111111
64 0.65234375 0.37222222222222223 0.03203125 0.06111111111111111
