49 0.10703125 0.45 0.02578125 0.03333333333333333
41 0.10625 0.4861111111111111 0.028125 0.03333333333333333
49 0.6375 0.47638888888888886 0.0265625 0.034722222222222224
41 0.6375 0.5097222222222222 0.0265625 0.034722222222222224
81 0.10625 0.5194444444444445 0.021875 0.0375
81 0.63671875 0.5402777777777777 0.02265625 0.03194444444444444
49 0.10703125 0.45 0.02578125 0.03333333333333333
41 0.10625 0.4861111111111111 0.028125 0.03333333333333333
49 0.6375 0.47638888888888886 0.0265625 0.034722222222222224
41 0.6375 0.5097222222222222 0.0265625 0.034722222222222224
81 0.10625 0.5194444444444445 0.021875 0.0375
81 0.63671875 0.5402777777777777 0.02265625 0.03194444444444444
49 0.10703125 0.45 0.02578125 0.03333333333333333
41 0.10625 0.4861111111111111 0.028125 0.03333333333333333
49 0.6375 0.47638888888888886 0.0265625 0.034722222222222224
41 0.6375 0.5097222222222222 0.0265625 0.034722222222222224
81 0.10625 0.5194444444444445 0.021875 0.0375
81 0.63671875 0.5402777777777777 0.02265625 0.03194444444444444
