0 0.69140625 0.5472222222222223 0.01484375 0.030555555555555555
11 0.7109375 0.575 0.025 0.044444444444444446
11 0.1140625 0.5638888888888889 0.02265625 0.03888888888888889
64 0.56796875 0.5861111111111111 0.015625 0.02638888888888889
0 0.69140625 0.5472222222222223 0.01484375 0.030555555555555555
11 0.7109375 0.575 0.025 0.044444444444444446
11 0.1140625 0.5638888888888889 0.02265625 0.03888888888888889
64 0.56796875 0.5861111111111111 0.015625 0.02638888888888889
0 0.69140625 0.5472222222222223 0.01484375 0.030555555555555555
11 0.7109375 0.575 0.025 0.044444444444444446
11 0.1140625 0.5638888888888889 0.02265625 0.03888888888888889
64 0.56796875 0.5861111111111111 0.015625 0.02638888888888889
