11 0.95546875 0.28194444444444444 0.0859375 0.16527777777777777
11 0.56328125 0.45 0.021875 0.041666666666666664
11 0.00625 0.4111111111111111 0.0125 0.041666666666666664
11 0.86171875 0.36527777777777776 0.03125 0.08472222222222223
11 0.95546875 0.28194444444444444 0.0859375 0.16527777777777777
11 0.56328125 0.45 0.021875 0.041666666666666664
11 0.00625 0.4111111111111111 0.0125 0.041666666666666664
11 0.86171875 0.36527777777777776 0.03125 0.08472222222222223
11 0.95546875 0.28194444444444444 0.0859375 0.16527777777777777
11 0.56328125 0.45 0.021875 0.041666666666666664
11 0.00625 0.4111111111111111 0.0125 0.041666666666666664
11 0.86171875 0.36527777777777776 0.03125 0.08472222222222223
