11 0.8765625 0.3675925925925926 0.011458333333333333 0.03888888888888889
11 0.19895833333333332 0.46574074074074073 0.013541666666666667 0.021296296296296296
11 0.6161458333333333 0.42962962962962964 0.015104166666666667 0.025925925925925925
99 0.6151041666666667 0.4027777777777778 0.014583333333333334 0.026851851851851852
11 0.8765625 0.3675925925925926 0.011458333333333333 0.03888888888888889
11 0.19895833333333332 0.46574074074074073 0.013541666666666667 0.021296296296296296
11 0.6161458333333333 0.42962962962962964 0.015104166666666667 0.025925925925925925
99 0.6151041666666667 0.4027777777777778 0.014583333333333334 0.026851851851851852
11 0.8765625 0.3675925925925926 0.011458333333333333 0.03888888888888889
11 0.19895833333333332 0.46574074074074073 0.013541666666666667 0.021296296296296296
11 0.6161458333333333 0.42962962962962964 0.015104166666666667 0.025925925925925925
99 0.6151041666666667 0.4027777777777778 0.014583333333333334 0.026851851851851852
