41 0.62890625 0.46805555555555556 0.03046875 0.05416666666666667
56 0.54609375 0.5402777777777777 0.01484375 0.027777777777777776
98 0.6296875 0.5486111111111112 0.0265625 0.05
81 0.6296875 0.5972222222222222 0.02578125 0.04861111111111111
41 0.62890625 0.46805555555555556 0.03046875 0.05416666666666667
56 0.54609375 0.5402777777777777 0.01484375 0.027777777777777776
98 0.6296875 0.5486111111111112 0.0265625 0.05
81 0.6296875 0.5972222222222222 0.02578125 0.04861111111111111
41 0.62890625 0.46805555555555556 0.03046875 0.05416666666666667
56 0.54609375 0.5402777777777777 0.01484375 0.027777777777777776
98 0.6296875 0.5486111111111112 0.0265625 0.05
81 0.6296875 0.5972222222222222 0.02578125 0.04861111111111111
